%YAML:1.0
mat: !!opencv-matrix
   rows: 10
   cols: 10
   dt: f
   data: [ 6.92155794e-04, 7.25038844e-05, 0., 0., 0., 6.60884310e-04,
       7.04496284e-04, 4.65607882e-04, 7.01150624e-04, 6.92491245e-04,
       7.24849597e-05, 1.94515567e-03, 1.90489821e-03, 2.36547529e-03,
       2.42250669e-03, 1.56323265e-04, 7.33601992e-05, 8.52391182e-04,
       7.32073167e-05, 7.25442733e-05, 0., 1.91078382e-03,
       2.55239126e-03, 3.03829811e-03, 3.10804439e-03, 1.12129143e-04,
       0., 9.13599273e-04, 0., 0., 0., 2.38024141e-03, 3.01866257e-03,
       4.23369696e-03, 4.33513569e-03, 1.56245034e-04, 0.,
       1.24815409e-03, 0., 0., 0., 2.40640994e-03, 3.03747621e-03,
       4.26226016e-03, 4.35914192e-03, 1.57349044e-04, 0.,
       1.25669083e-03, 0., 0., 6.59685582e-04, 1.56967581e-04,
       1.11211419e-04, 1.55633315e-04, 1.59225965e-04, 6.35197153e-04,
       6.71579037e-04, 4.89842962e-04, 6.68286928e-04, 6.59721380e-04,
       6.97705080e-04, 7.29097301e-05, 0., 0., 0., 6.66274340e-04,
       7.10608263e-04, 4.69742517e-04, 7.06672377e-04, 6.98043790e-04,
       4.58020048e-04, 8.56094004e-04, 9.08545451e-04, 1.24655478e-03,
       1.27635407e-03, 4.83314710e-04, 4.66500118e-04, 6.95778697e-04,
       4.63938544e-04, 4.58220486e-04, 6.96550589e-04, 7.29070016e-05,
       0., 0., 0., 6.65038358e-04, 7.08275358e-04, 4.67883830e-04,
       7.05028244e-04, 6.96993317e-04, 6.92488509e-04, 7.25442806e-05,
       0., 0., 0., 6.60920283e-04, 7.04867358e-04, 4.65921650e-04,
       7.01542245e-04, 6.92453585e-04 ]
