%YAML:1.0
mat: !!opencv-matrix
   rows: 10
   cols: 10
   dt: f
   data: [ 6.79085148e-04, 1.69846389e-04, 0., 0., 2.47049233e-04,
       6.87119726e-04, 6.87258609e-04, 3.86038970e-04, 6.83309510e-04,
       6.90963818e-04, 1.69799154e-04, 2.14879145e-03, 2.70328228e-03,
       2.94966297e-03, 1.97350513e-03, 1.71810141e-04, 1.71825697e-04,
       1.30293344e-03, 1.70879808e-04, 1.72793516e-04, 0.,
       2.69948272e-03, 3.47180967e-03, 3.76328384e-03, 2.44020578e-03,
       0., 0., 1.54576800e-03, 0., 0., 0., 2.95332656e-03,
       3.77042824e-03, 4.16555954e-03, 2.70464481e-03, 0., 0.,
       1.68759422e-03, 0., 0., 2.46980606e-04, 1.94771856e-03,
       2.40325695e-03, 2.65456876e-03, 1.80917548e-03, 2.49905686e-04,
       2.49928300e-04, 1.20902888e-03, 2.48552475e-04, 2.51336023e-04,
       6.86938874e-04, 1.71826483e-04, 0., 0., 2.49929377e-04,
       6.94974733e-04, 6.95227762e-04, 3.90518922e-04, 6.91233552e-04,
       6.99064287e-04, 6.86908665e-04, 1.71828360e-04, 0., 0.,
       2.49932084e-04, 6.95134106e-04, 6.95018098e-04, 3.90516565e-04,
       6.91330119e-04, 6.98984426e-04, 3.85931053e-04, 1.30589213e-03,
       1.55152020e-03, 1.69517763e-03, 1.23611907e-03, 3.90491768e-04,
       3.90537869e-04, 9.11121024e-04, 3.88360553e-04, 3.92710965e-04,
       6.83120103e-04, 1.70879968e-04, 0., 0., 2.48552620e-04,
       6.91162306e-04, 6.91302819e-04, 3.88359622e-04, 6.87448832e-04,
       6.95192022e-04, 6.90770685e-04, 1.72793691e-04, 0., 0.,
       2.51336227e-04, 6.98996766e-04, 6.98970340e-04, 3.92710994e-04,
       6.95191789e-04, 7.02933467e-04 ]
