%YAML:1.0
mat: !!opencv-matrix
   rows: 10
   cols: 10
   dt: f
   data: [ 6.04786095e-04, 3.34894808e-04, 3.55639058e-04,
       3.92269518e-04, 5.36106236e-04, 6.28910493e-04, 5.89969044e-04,
       6.22290245e-04, 6.25600631e-04, 6.32220879e-04, 3.34967801e-04,
       3.06417909e-03, 3.29396920e-03, 3.54435644e-03, 1.26320659e-03,
       1.46258353e-05, 4.02569742e-04, 1.44718788e-05, 1.45488566e-05,
       1.47028131e-05, 3.55588942e-04, 3.29280505e-03, 3.59300082e-03,
       3.91646801e-03, 1.38586282e-03, 0., 4.16612980e-04, 0., 0., 0.,
       3.90162022e-04, 3.52625339e-03, 3.88902822e-03, 4.28452948e-03,
       1.51624228e-03, 0., 4.43920959e-04, 0., 0., 0., 5.37027372e-04,
       1.27110805e-03, 1.39027205e-03, 1.53048837e-03, 8.18499131e-04,
       4.38775140e-04, 5.42201858e-04, 4.34156362e-04, 4.36465751e-04,
       4.41084529e-04, 6.28910901e-04, 1.46258490e-05, 0., 0.,
       4.38775402e-04, 6.94649527e-04, 6.07049733e-04, 6.87413441e-04,
       6.91031863e-04, 6.98421907e-04, 5.89978241e-04, 4.02650854e-04,
       4.16835421e-04, 4.46484220e-04, 5.41327696e-04, 6.07048802e-04,
       5.79911808e-04, 6.00582513e-04, 6.03815890e-04, 6.10128220e-04,
       6.22290769e-04, 1.44718924e-05, 0., 0., 4.34156711e-04,
       6.87413616e-04, 6.00583560e-04, 6.80177531e-04, 6.83795952e-04,
       6.91032037e-04, 6.25600806e-04, 1.45488702e-05, 0., 0.,
       4.36466042e-04, 6.91031571e-04, 6.03816647e-04, 6.83795486e-04,
       6.87413907e-04, 6.94727001e-04, 6.32220937e-04, 1.47028268e-05,
       0., 0., 4.41084761e-04, 6.98421441e-04, 6.10128918e-04,
       6.91031397e-04, 6.94726827e-04, 7.02039863e-04 ]
