%YAML:1.0
mat: !!opencv-matrix
   rows: 10
   cols: 10
   dt: f
   data: [ 6.96131494e-04, 1.12578715e-03, 1.19909947e-03,
       1.22280861e-03, 7.92171049e-04, 4.94145614e-04, 5.44874347e-04,
       4.94145614e-04, 4.83632291e-04, 4.94145614e-04, 1.12521439e-03,
       3.30170267e-03, 3.68097494e-03, 3.75249051e-03, 1.60332141e-03,
       7.48705934e-05, 3.83981707e-04, 7.48705934e-05, 7.32775952e-05,
       7.48705934e-05, 1.19758502e-03, 3.67864361e-03, 4.11057752e-03,
       4.19125892e-03, 1.74274098e-03, 0., 3.54099000e-04, 0., 0., 0.,
       1.21859333e-03, 3.74100194e-03, 4.17116610e-03, 4.24727891e-03,
       1.76530448e-03, 0., 3.59934580e-04, 0., 0., 0., 7.86376535e-04,
       1.58584816e-03, 1.71824242e-03, 1.74869248e-03, 9.58838325e-04,
       4.04301012e-04, 5.09687408e-04, 4.04301012e-04, 3.95699142e-04,
       4.04301012e-04, 4.94146079e-04, 7.48706370e-05, 0., 0.,
       4.04301361e-04, 7.03783764e-04, 6.28912880e-04, 7.03783764e-04,
       6.88809610e-04, 7.03783764e-04, 5.44827606e-04, 3.84019106e-04,
       3.54381104e-04, 3.61311540e-04, 5.11524035e-04, 6.28912996e-04,
       5.92533499e-04, 6.28912996e-04, 6.15531986e-04, 6.28912996e-04,
       4.94146079e-04, 7.48706370e-05, 0., 0., 4.04301361e-04,
       7.03783764e-04, 6.28912880e-04, 7.03783764e-04, 6.88809610e-04,
       7.03783764e-04, 4.83632350e-04, 7.32776389e-05, 0., 0.,
       3.95699200e-04, 6.88809610e-04, 6.15531753e-04, 6.88809610e-04,
       6.74154086e-04, 6.88809610e-04, 4.94146079e-04, 7.48706370e-05,
       0., 0., 4.04301361e-04, 7.03783764e-04, 6.28912880e-04,
       7.03783764e-04, 6.88809610e-04, 7.03783764e-04 ]
