%YAML:1.0
mat: !!opencv-matrix
   rows: 10
   cols: 10
   dt: f
   data: [ 5.45425923e-04, 4.40641481e-04, 2.76282110e-04,
       3.59367463e-04, 4.65452671e-04, 5.11989347e-04, 5.09144797e-04,
       3.89738299e-04, 5.11989347e-04, 5.11989347e-04, 4.40038741e-04,
       2.63900356e-03, 2.16006208e-03, 1.89529615e-03, 1.33677770e-03,
       0., 0., 1.06776017e-03, 0., 0., 2.76112638e-04, 2.16192333e-03,
       4.09435527e-03, 3.54718021e-03, 2.44867220e-03, 0., 0.,
       2.02377350e-03, 0., 0., 3.59138910e-04, 1.89858279e-03,
       3.54829198e-03, 3.21668619e-03, 2.38445378e-03, 0., 0.,
       1.75493362e-03, 0., 0., 4.63548291e-04, 1.33607315e-03,
       2.44080997e-03, 2.37504579e-03, 1.95015164e-03, 1.08603715e-04,
       1.08000371e-04, 1.26288657e-03, 1.08603715e-04, 1.08603715e-04,
       5.11989463e-04, 0., 0., 0., 1.08603788e-04, 6.98166783e-04,
       6.94287766e-04, 3.45204724e-04, 6.98166783e-04, 6.98166783e-04,
       5.09145088e-04, 0., 0., 0., 1.08000429e-04, 6.94288115e-04,
       6.90409099e-04, 3.43308464e-04, 6.94288115e-04, 6.94288115e-04,
       3.89837631e-04, 1.07016461e-03, 2.02688645e-03, 1.75609789e-03,
       1.26579113e-03, 3.45204840e-04, 3.43308551e-04, 1.17240485e-03,
       3.45204840e-04, 3.45204840e-04, 5.11989463e-04, 0., 0., 0.,
       1.08603788e-04, 6.98166783e-04, 6.94287766e-04, 3.45204724e-04,
       6.98166783e-04, 6.98166783e-04, 5.11989463e-04, 0., 0., 0.,
       1.08603788e-04, 6.98166783e-04, 6.94287766e-04, 3.45204724e-04,
       6.98166783e-04, 6.98166783e-04 ]
