%YAML:1.0
mat: !!opencv-matrix
   rows: 10
   cols: 10
   dt: f
   data: [ 7.23800738e-04, 8.88601760e-04, 1.14800828e-03,
       1.16574869e-03, 6.40718616e-04, 4.76059417e-04, 8.52355268e-04,
       4.78488480e-04, 4.78488451e-04, 4.78488451e-04, 8.87811475e-04,
       2.63346080e-03, 2.78698863e-03, 2.79004686e-03, 6.16612146e-04,
       1.40017528e-05, 1.34039833e-03, 1.40731900e-05, 1.40731900e-05,
       1.40731900e-05, 1.14638254e-03, 2.78595556e-03, 3.42039089e-03,
       3.45981726e-03, 7.91013474e-04, 0., 1.74027693e-03, 0., 0., 0.,
       1.18853967e-03, 2.83733406e-03, 3.52011737e-03, 3.56063922e-03,
       8.17538472e-04, 0., 1.80354563e-03, 0., 0., 0., 6.42087718e-04,
       6.19788712e-04, 7.95265718e-04, 8.07210221e-04, 6.00472966e-04,
       5.32066391e-04, 6.99165917e-04, 5.34781138e-04, 5.34781138e-04,
       5.34781138e-04, 4.76059475e-04, 1.40017564e-05, 0., 0.,
       5.32067090e-04, 6.86085492e-04, 3.67545930e-04, 6.89585868e-04,
       6.89585868e-04, 6.89585868e-04, 8.52458295e-04, 1.34184153e-03,
       1.74308440e-03, 1.76995120e-03, 6.97220501e-04, 3.67545959e-04,
       1.10376289e-03, 3.69403424e-04, 3.69439105e-04, 3.69439105e-04,
       4.78488335e-04, 1.40731945e-05, 0., 0., 5.34781720e-04,
       6.89585926e-04, 3.69403308e-04, 6.93086302e-04, 6.93122041e-04,
       6.93122041e-04, 4.78488364e-04, 1.40731936e-05, 0., 0.,
       5.34781720e-04, 6.89585926e-04, 3.69439018e-04, 6.93122041e-04,
       6.93086302e-04, 6.93086302e-04, 4.78488335e-04, 1.40731945e-05,
       0., 0., 5.34781720e-04, 6.89585926e-04, 3.69439018e-04,
       6.93122041e-04, 6.93086302e-04, 6.93086302e-04 ]
