%YAML:1.0
mat: !!opencv-matrix
   rows: 10
   cols: 10
   dt: f
   data: [ 5.92376920e-04, 4.77429800e-04, 5.06115146e-04,
       4.85450146e-04, 5.44233248e-04, 6.02783577e-04, 5.81247266e-04,
       5.78409759e-04, 6.02783577e-04, 6.02783577e-04, 4.77243389e-04,
       3.38278851e-03, 3.63569381e-03, 3.51542956e-03, 2.64060614e-03,
       1.43518355e-05, 4.11548361e-04, 1.09386339e-03, 1.43518355e-05,
       1.43518355e-05, 5.05231321e-04, 3.63077596e-03, 3.94115970e-03,
       3.78718460e-03, 2.86622928e-03, 0., 4.22089477e-04,
       1.17824867e-03, 0., 0., 4.84622899e-04, 3.51035362e-03,
       3.78513616e-03, 3.65123921e-03, 2.74716737e-03, 0.,
       4.11758607e-04, 1.13016041e-03, 0., 0., 5.52974001e-04,
       2.70113721e-03, 2.92399991e-03, 2.80134077e-03, 2.18210882e-03,
       2.00924173e-04, 4.87358629e-04, 1.02166727e-03, 2.00924173e-04,
       2.00924173e-04, 6.02783577e-04, 1.43518355e-05, 0., 0.,
       2.00924173e-04, 6.88881322e-04, 6.02783577e-04, 4.87971614e-04,
       6.88881322e-04, 6.88881322e-04, 5.81221306e-04, 4.11491899e-04,
       4.22624842e-04, 4.12402063e-04, 4.80906747e-04, 6.02783577e-04,
       5.75483893e-04, 5.52392739e-04, 6.02783577e-04, 6.02783577e-04,
       5.78496139e-04, 1.09489146e-03, 1.18096697e-03, 1.13269745e-03,
       1.00187771e-03, 4.87971614e-04, 5.52529644e-04, 6.98993274e-04,
       4.87971614e-04, 4.87971614e-04, 6.02783577e-04, 1.43518355e-05,
       0., 0., 2.00924173e-04, 6.88881322e-04, 6.02783577e-04,
       4.87971614e-04, 6.88881322e-04, 6.88881322e-04, 6.02783577e-04,
       1.43518355e-05, 0., 0., 2.00924173e-04, 6.88881322e-04,
       6.02783577e-04, 4.87971614e-04, 6.88881322e-04, 6.88881322e-04 ]
