%YAML:1.0
mat: !!opencv-matrix
   rows: 10
   cols: 10
   dt: f
   data: [ 5.89324103e-04, 5.78129780e-04, 4.68321261e-04,
       5.98916144e-04, 6.33409363e-04, 5.89563278e-04, 5.86287701e-04,
       5.79736836e-04, 5.89563278e-04, 5.89563278e-04, 5.78893407e-04,
       2.23489990e-03, 2.30803364e-03, 2.93374364e-03, 3.08672059e-03,
       1.55148169e-04, 1.54286245e-04, 1.52562367e-04, 1.55148169e-04,
       1.55148169e-04, 4.68240934e-04, 2.30418006e-03, 2.66730948e-03,
       3.01414588e-03, 3.13573028e-03, 1.55148173e-05, 1.54286245e-05,
       1.52562370e-05, 1.55148173e-05, 1.55148173e-05, 5.99836290e-04,
       2.93369824e-03, 3.01884906e-03, 3.92291415e-03, 4.12599603e-03,
       0., 0., 0., 0., 0., 6.27340341e-04, 3.06445174e-03,
       3.10558849e-03, 4.08233609e-03, 4.28504171e-03, 0., 0., 0., 0.,
       0., 5.89562580e-04, 1.55148125e-04, 1.55148064e-05, 0., 0.,
       6.98166783e-04, 6.94287766e-04, 6.86530431e-04, 6.98166783e-04,
       6.98166783e-04, 5.86287235e-04, 1.54286201e-04, 1.54286117e-05,
       0., 0., 6.94288115e-04, 6.90409099e-04, 6.82737911e-04,
       6.94288115e-04, 6.94288115e-04, 5.79736545e-04, 1.52562337e-04,
       1.52562243e-05, 0., 0., 6.86530664e-04, 6.82737853e-04,
       6.75066723e-04, 6.86530664e-04, 6.86530664e-04, 5.89562580e-04,
       1.55148125e-04, 1.55148064e-05, 0., 0., 6.98166783e-04,
       6.94287766e-04, 6.86530431e-04, 6.98166783e-04, 6.98166783e-04,
       5.89562580e-04, 1.55148125e-04, 1.55148064e-05, 0., 0.,
       6.98166783e-04, 6.94287766e-04, 6.86530431e-04, 6.98166783e-04,
       6.98166783e-04 ]
