%YAML:1.0
mat: !!opencv-matrix
   rows: 10
   cols: 10
   dt: f
   data: [ 6.75631920e-04, 5.18794230e-04, 5.07530000e-04,
       6.79232529e-04, 6.79235614e-04, 6.86657673e-04, 6.82905025e-04,
       6.75483141e-04, 6.86657673e-04, 6.86657673e-04, 5.18888759e-04,
       6.38086931e-04, 6.50487316e-04, 5.21688256e-04, 5.21543145e-04,
       5.27315948e-04, 5.24470699e-04, 5.18698012e-04, 5.27315948e-04,
       5.27315948e-04, 5.07621095e-04, 6.50271308e-04, 6.64658844e-04,
       5.10339858e-04, 5.10278100e-04, 5.15885709e-04, 5.13082079e-04,
       5.07474644e-04, 5.15885709e-04, 5.15885709e-04, 6.79356512e-04,
       5.21687907e-04, 5.10339858e-04, 6.82954211e-04, 6.83037098e-04,
       6.90459390e-04, 6.86665473e-04, 6.79243356e-04, 6.90459390e-04,
       6.90459390e-04, 6.79357909e-04, 5.21543261e-04, 5.10278624e-04,
       6.83037564e-04, 6.82790007e-04, 6.90376444e-04, 6.86665531e-04,
       6.79079269e-04, 6.90376444e-04, 6.90376444e-04, 6.86781481e-04,
       5.27315948e-04, 5.15886059e-04, 6.90459972e-04, 6.90376561e-04,
       6.97962998e-04, 6.94169605e-04, 6.86583342e-04, 6.97962998e-04,
       6.97962998e-04, 6.83028251e-04, 5.24470583e-04, 5.13082370e-04,
       6.86666172e-04, 6.86665706e-04, 6.94169721e-04, 6.90376328e-04,
       6.82872487e-04, 6.94169721e-04, 6.94169721e-04, 6.75604679e-04,
       5.18697954e-04, 5.07474877e-04, 6.79243763e-04, 6.79079210e-04,
       6.86583167e-04, 6.82872254e-04, 6.75368414e-04, 6.86583167e-04,
       6.86583167e-04, 6.86781481e-04, 5.27315948e-04, 5.15886059e-04,
       6.90459972e-04, 6.90376561e-04, 6.97962998e-04, 6.94169605e-04,
       6.86583342e-04, 6.97962998e-04, 6.97962998e-04, 6.86781481e-04,
       5.27315948e-04, 5.15886059e-04, 6.90459972e-04, 6.90376561e-04,
       6.97962998e-04, 6.94169605e-04, 6.86583342e-04, 6.97962998e-04,
       6.97962998e-04 ]
