%YAML:1.0
mat: !!opencv-matrix
   rows: 10
   cols: 10
   dt: f
   data: [ 6.75170391e-04, 2.25128082e-04, 0., 0., 1.67831706e-04,
       6.86584041e-04, 6.41007093e-04, 6.25554530e-04, 6.86584041e-04,
       6.86584041e-04, 2.25129377e-04, 1.01623568e-03, 1.38748263e-03,
       1.35027338e-03, 1.14554481e-03, 2.28907476e-04, 3.10891948e-04,
       3.09022987e-04, 2.28907476e-04, 2.28907476e-04, 0.,
       1.38871919e-03, 2.77043227e-03, 2.47954065e-03, 2.37705885e-03,
       0., 1.44121339e-04, 2.22872768e-04, 0., 0., 0., 1.34829187e-03,
       2.46486580e-03, 2.38471385e-03, 1.99803663e-03, 0.,
       1.24460625e-04, 1.84458360e-04, 0., 0., 1.67831677e-04,
       1.14147121e-03, 2.35536718e-03, 1.98560604e-03, 2.33325758e-03,
       1.70662985e-04, 2.87276140e-04, 3.64815496e-04, 1.70662985e-04,
       1.70662985e-04, 6.86584332e-04, 2.28907636e-04, 0., 0.,
       1.70663028e-04, 6.98166783e-04, 6.51830807e-04, 6.36107754e-04,
       6.98166783e-04, 6.98166783e-04, 6.40860468e-04, 3.10282572e-04,
       1.43474041e-04, 1.24029451e-04, 2.87284027e-04, 6.51672948e-04,
       6.20289997e-04, 6.05629524e-04, 6.51672948e-04, 6.51672948e-04,
       6.25554530e-04, 3.08877352e-04, 2.22388335e-04, 1.84331177e-04,
       3.64940992e-04, 6.36107638e-04, 6.05789537e-04, 5.99049265e-04,
       6.36107638e-04, 6.36107638e-04, 6.86584332e-04, 2.28907636e-04,
       0., 0., 1.70663028e-04, 6.98166783e-04, 6.51830807e-04,
       6.36107754e-04, 6.98166783e-04, 6.98166783e-04, 6.86584332e-04,
       2.28907636e-04, 0., 0., 1.70663028e-04, 6.98166783e-04,
       6.51830807e-04, 6.36107754e-04, 6.98166783e-04, 6.98166783e-04 ]
