%YAML:1.0
mat: !!opencv-matrix
   rows: 10
   cols: 10
   dt: f
   data: [ 6.73638657e-04, 2.02470575e-04, 0., 0., 3.94709001e-04,
       6.72688067e-04, 5.99611143e-04, 6.82807819e-04, 6.79759425e-04,
       6.87080843e-04, 2.02416893e-04, 1.57709187e-03, 1.90556492e-03,
       8.32150923e-04, 1.16732600e-03, 2.02003648e-04, 3.78478697e-04,
       2.04677315e-04, 2.04000549e-04, 2.06221637e-04, 0.,
       1.90576166e-03, 2.45458959e-03, 1.40540197e-03, 1.28409977e-03,
       0., 2.70151213e-04, 0., 0., 0., 0., 8.33733066e-04,
       1.39931531e-03, 2.97213439e-03, 2.63920112e-04, 0.,
       2.63052265e-04, 0., 0., 0., 3.94707720e-04, 1.16191234e-03,
       1.27691787e-03, 2.57567706e-04, 9.90632456e-04, 3.94140719e-04,
       4.67574835e-04, 4.00223129e-04, 3.98284523e-04, 4.02567675e-04,
       6.72590104e-04, 2.01977309e-04, 0., 0., 3.94078816e-04,
       6.71632937e-04, 5.98675164e-04, 6.82094775e-04, 6.78692420e-04,
       6.85989566e-04, 5.99532854e-04, 3.77430610e-04, 2.68660689e-04,
       2.62474321e-04, 4.66835249e-04, 5.98686980e-04, 5.69264113e-04,
       6.08145318e-04, 6.04979927e-04, 6.11483585e-04, 6.82884944e-04,
       2.04677795e-04, 0., 0., 4.00224002e-04, 6.82199316e-04,
       6.08230243e-04, 6.92978152e-04, 6.89653913e-04, 6.96949544e-04,
       6.79759309e-04, 2.04000666e-04, 0., 0., 3.98285978e-04,
       6.78804296e-04, 6.05070265e-04, 6.89654553e-04, 6.85855106e-04,
       6.93308888e-04, 6.87080959e-04, 2.06221710e-04, 0., 0.,
       4.02569101e-04, 6.86102780e-04, 6.11575262e-04, 6.96950126e-04,
       6.93308888e-04, 7.00762612e-04 ]
