%YAML:1.0
mat: !!opencv-matrix
   rows: 10
   cols: 10
   dt: f
   data: [ 6.88793778e-04, 1.93003216e-04, 5.08301833e-04,
       6.92702772e-04, 6.45828201e-04, 6.82938611e-04, 6.89964858e-04,
       6.82938611e-04, 6.90360670e-04, 6.90360670e-04, 1.94695196e-04,
       2.28239526e-03, 3.83849692e-04, 1.95777786e-04, 2.90841941e-04,
       1.93003216e-04, 1.95033586e-04, 1.93003216e-04, 1.95100991e-04,
       1.95100991e-04, 5.11607388e-04, 3.83921695e-04, 6.42108847e-04,
       5.14387328e-04, 5.02600509e-04, 5.07182209e-04, 5.12492377e-04,
       5.07182209e-04, 5.12721366e-04, 5.12669270e-04, 6.98610966e-04,
       1.95777699e-04, 5.15559397e-04, 7.02519726e-04, 6.55192765e-04,
       6.92756032e-04, 6.99781871e-04, 6.92756032e-04, 7.00203876e-04,
       7.00365228e-04, 6.51423179e-04, 2.90744385e-04, 5.03710995e-04,
       6.55191659e-04, 6.19905011e-04, 6.45828201e-04, 6.52542221e-04,
       6.45828201e-04, 6.52927614e-04, 6.52766263e-04, 6.88923930e-04,
       1.93003216e-04, 5.08379890e-04, 6.92754867e-04, 6.45828201e-04,
       6.82938611e-04, 6.90120971e-04, 6.82938611e-04, 6.90360670e-04,
       6.90360670e-04, 6.88923930e-04, 1.93003216e-04, 5.08379890e-04,
       6.92754867e-04, 6.45828201e-04, 6.82938611e-04, 6.90120971e-04,
       6.82938611e-04, 6.90360670e-04, 6.90360670e-04, 6.88923930e-04,
       1.93003216e-04, 5.08379890e-04, 6.92754867e-04, 6.45828201e-04,
       6.82938611e-04, 6.90120971e-04, 6.82938611e-04, 6.90360670e-04,
       6.90360670e-04, 6.96476083e-04, 1.95100991e-04, 5.13945066e-04,
       7.00202945e-04, 6.52927614e-04, 6.90360670e-04, 6.97699201e-04,
       6.90360670e-04, 6.97782787e-04, 6.97944139e-04, 6.96345989e-04,
       1.95100991e-04, 5.13867009e-04, 7.00364297e-04, 6.52766263e-04,
       6.90360670e-04, 6.97543088e-04, 6.90360670e-04, 6.97944139e-04,
       6.97782787e-04 ]
