%YAML:1.0
mat: !!opencv-matrix
   rows: 10
   cols: 10
   dt: f
   data: [ 6.82669342e-04, 3.42557440e-04, 1.39636904e-04,
       6.90427027e-04, 6.90427027e-04, 6.51638780e-04, 6.82669342e-04,
       6.83891703e-04, 6.90427027e-04, 6.90427027e-04, 3.42585583e-04,
       1.76234485e-03, 9.97051480e-04, 3.46492830e-04, 3.46464396e-04,
       4.08128079e-04, 3.42585583e-04, 3.43211170e-04, 3.46492830e-04,
       3.46464396e-04, 1.39636832e-04, 9.98795149e-04, 1.59962894e-03,
       1.41223602e-04, 1.41223602e-04, 1.80878036e-04, 1.39636832e-04,
       1.39892771e-04, 1.41223602e-04, 1.41223602e-04, 6.90426969e-04,
       3.46493121e-04, 1.41223689e-04, 6.98184653e-04, 6.98360964e-04,
       6.59043784e-04, 6.90426969e-04, 6.91706198e-04, 6.98184653e-04,
       6.98360964e-04, 6.90426969e-04, 3.46464687e-04, 1.41223689e-04,
       6.98360964e-04, 6.98184653e-04, 6.59043784e-04, 6.90426969e-04,
       6.91677735e-04, 6.98360964e-04, 6.98184653e-04, 6.51638838e-04,
       4.07899497e-04, 1.80734685e-04, 6.59043901e-04, 6.59043901e-04,
       6.29917136e-04, 6.51638838e-04, 6.52832852e-04, 6.59043901e-04,
       6.59043901e-04, 6.82669342e-04, 3.42585874e-04, 1.39636904e-04,
       6.90427027e-04, 6.90427027e-04, 6.51638780e-04, 6.82669342e-04,
       6.83920167e-04, 6.90427027e-04, 6.90427027e-04, 6.83920574e-04,
       3.43211490e-04, 1.39892829e-04, 6.91706664e-04, 6.91678259e-04,
       6.52833143e-04, 6.83920574e-04, 6.85171399e-04, 6.91706664e-04,
       6.91678259e-04, 6.90426969e-04, 3.46493121e-04, 1.41223689e-04,
       6.98184653e-04, 6.98360964e-04, 6.59043784e-04, 6.90426969e-04,
       6.91706198e-04, 6.98184653e-04, 6.98360964e-04, 6.90426969e-04,
       3.46464687e-04, 1.41223689e-04, 6.98360964e-04, 6.98184653e-04,
       6.59043784e-04, 6.90426969e-04, 6.91677735e-04, 6.98360964e-04,
       6.98184653e-04 ]
