%YAML:1.0
mat: !!opencv-matrix
   rows: 10
   cols: 10
   dt: f
   data: [ 5.23627154e-04, 3.79132951e-04, 5.43519796e-04,
       5.48270065e-04, 5.28115837e-04, 5.47871750e-04, 5.53661841e-04,
       5.53818827e-04, 5.48013952e-04, 5.59326203e-04, 3.81771853e-04,
       5.25366003e-03, 2.32873153e-05, 0., 4.63406643e-04, 0., 0., 0.,
       0., 0., 5.43883129e-04, 2.32905404e-05, 6.13752578e-04,
       6.34913216e-04, 5.41580375e-04, 6.34451513e-04, 6.41154882e-04,
       6.41342427e-04, 6.34621305e-04, 6.47708366e-04, 5.48203127e-04,
       0., 6.34746742e-04, 6.78672863e-04, 5.19489811e-04,
       6.78117853e-04, 6.85295672e-04, 6.85469015e-04, 6.78281183e-04,
       6.92311383e-04, 5.27845114e-04, 4.56639216e-04, 5.40912733e-04,
       5.19565016e-04, 5.78170526e-04, 5.19146561e-04, 5.24637522e-04,
       5.24778850e-04, 5.19275549e-04, 5.30007819e-04, 5.47864707e-04,
       0., 6.34354365e-04, 6.78196433e-04, 5.19116234e-04,
       6.77725067e-04, 6.84883154e-04, 6.85088686e-04, 6.77911390e-04,
       6.91879250e-04, 5.53571503e-04, 0., 6.40961400e-04,
       6.85292005e-04, 5.24543284e-04, 6.84778905e-04, 6.91935420e-04,
       6.92296424e-04, 6.84966857e-04, 6.99080701e-04, 5.53598278e-04,
       0., 6.40992657e-04, 6.85303181e-04, 5.24557545e-04,
       6.84814644e-04, 6.92124304e-04, 6.92177797e-04, 6.85003237e-04,
       6.99116616e-04, 5.47983393e-04, 0., 6.34492433e-04,
       6.78321114e-04, 5.19213034e-04, 6.77876640e-04, 6.85036124e-04,
       6.85242296e-04, 6.78063021e-04, 6.92034082e-04, 5.59398090e-04,
       0., 6.47707842e-04, 6.92496134e-04, 5.30060264e-04,
       6.91987399e-04, 6.99296419e-04, 6.99505850e-04, 6.92177622e-04,
       7.06439430e-04 ]
