%YAML:1.0
mat: !!opencv-matrix
   rows: 10
   cols: 10
   dt: f
   data: [ 6.67050132e-04, 9.30421811e-06, 5.49157674e-04,
       5.30248042e-04, 6.54260220e-04, 5.34424384e-04, 5.20472007e-04,
       5.20472007e-04, 5.28302742e-04, 5.28826611e-04, 9.53919425e-06,
       4.66813380e-03, 1.52995475e-04, 0., 1.28762011e-04, 0., 0., 0.,
       0., 0., 5.53711492e-04, 1.54610796e-04, 5.37300075e-04,
       5.79647312e-04, 5.26962685e-04, 5.71250974e-04, 5.68755378e-04,
       5.68755378e-04, 5.77702536e-04, 5.77702478e-04, 5.30519523e-04,
       0., 5.76356193e-04, 7.05793616e-04, 4.49234736e-04,
       6.83967199e-04, 6.92693982e-04, 6.92693982e-04, 7.03474914e-04,
       7.03604484e-04, 6.59638667e-04, 1.28765780e-04, 5.26459829e-04,
       4.53474495e-04, 6.90106070e-04, 4.65430901e-04, 4.44790698e-04,
       4.44790698e-04, 4.51903295e-04, 4.51773638e-04, 5.39250148e-04,
       0., 5.73845522e-04, 6.90251414e-04, 4.66361584e-04,
       6.71244226e-04, 6.78677869e-04, 6.78677810e-04, 6.88606116e-04,
       6.88381493e-04, 5.25307318e-04, 0., 5.71149343e-04,
       6.99375814e-04, 4.45139769e-04, 6.77778793e-04, 6.86525542e-04,
       6.86525542e-04, 6.97181793e-04, 6.97106938e-04, 5.25307318e-04,
       0., 5.71149518e-04, 6.99375873e-04, 4.45139769e-04,
       6.77778909e-04, 6.86525658e-04, 6.86525658e-04, 6.97181909e-04,
       6.97106996e-04, 5.30743913e-04, 0., 5.77178726e-04,
       7.06641236e-04, 4.49932792e-04, 6.85014296e-04, 6.93815877e-04,
       6.93815877e-04, 7.04472128e-04, 7.04526901e-04, 5.31641650e-04,
       0., 5.77403291e-04, 7.07294443e-04, 4.49878076e-04,
       6.84789964e-04, 6.93815993e-04, 6.93815993e-04, 7.04826263e-04,
       7.04771432e-04 ]
