%YAML:1.0
mat: !!opencv-matrix
   rows: 10
   cols: 10
   dt: f
   data: [ 6.71628106e-04, 5.00159862e-04, 6.78772049e-04,
       6.78772049e-04, 6.85915933e-04, 6.71628106e-04, 6.85915933e-04,
       6.78772049e-04, 6.78772049e-04, 6.85915933e-04, 5.00160095e-04,
       6.81523001e-04, 5.05481148e-04, 5.05481148e-04, 5.10802085e-04,
       5.00160095e-04, 5.10802085e-04, 5.05481148e-04, 5.05481148e-04,
       5.10802085e-04, 6.78772049e-04, 5.05480974e-04, 6.85915933e-04,
       6.86067913e-04, 6.93211856e-04, 6.78772049e-04, 6.93211856e-04,
       6.85915933e-04, 6.86067913e-04, 6.93211856e-04, 6.78772049e-04,
       5.05480915e-04, 6.86067913e-04, 6.85915933e-04, 6.93211972e-04,
       6.78772049e-04, 6.93211972e-04, 6.86067913e-04, 6.85915933e-04,
       6.93211972e-04, 6.85915933e-04, 5.10802027e-04, 6.93211856e-04,
       6.93211856e-04, 7.00507779e-04, 6.85915933e-04, 7.00507779e-04,
       6.93211856e-04, 6.93211856e-04, 7.00507779e-04, 6.71628106e-04,
       5.00159862e-04, 6.78772049e-04, 6.78772049e-04, 6.85915933e-04,
       6.71628106e-04, 6.85915933e-04, 6.78772049e-04, 6.78772049e-04,
       6.85915933e-04, 6.85915933e-04, 5.10802085e-04, 6.93211856e-04,
       6.93211856e-04, 7.00507720e-04, 6.85915933e-04, 7.00507720e-04,
       6.93211856e-04, 6.93211856e-04, 7.00507720e-04, 6.78772049e-04,
       5.05480974e-04, 6.85915933e-04, 6.86067913e-04, 6.93211856e-04,
       6.78772049e-04, 6.93211856e-04, 6.85915933e-04, 6.86067913e-04,
       6.93211856e-04, 6.78772049e-04, 5.05480915e-04, 6.86067913e-04,
       6.85915933e-04, 6.93211972e-04, 6.78772049e-04, 6.93211972e-04,
       6.86067913e-04, 6.85915933e-04, 6.93211972e-04, 6.85915933e-04,
       5.10802027e-04, 6.93211856e-04, 6.93211856e-04, 7.00507779e-04,
       6.85915933e-04, 7.00507779e-04, 6.93211856e-04, 6.93211856e-04,
       7.00507779e-04 ]
