%YAML:1.0
mat: !!opencv-matrix
   rows: 10
   cols: 10
   dt: f
   data: [ 6.79815246e-04, 1.42038945e-04, 6.87367457e-04,
       6.89750654e-04, 6.57486496e-04, 6.79815246e-04, 6.79979392e-04,
       6.87367457e-04, 6.87367457e-04, 6.87367457e-04, 1.42038945e-04,
       1.95050135e-03, 1.43516809e-04, 1.43993544e-04, 2.58396001e-04,
       1.42038945e-04, 1.41874727e-04, 1.43516809e-04, 1.43516809e-04,
       1.43516809e-04, 6.87367516e-04, 1.43516809e-04, 6.94919727e-04,
       6.97355950e-04, 6.64710591e-04, 6.87367516e-04, 6.87367516e-04,
       6.94919727e-04, 6.94919785e-04, 6.94919785e-04, 6.87367516e-04,
       1.43516809e-04, 6.94919785e-04, 6.97355950e-04, 6.64710591e-04,
       6.87367516e-04, 6.87367516e-04, 6.94919785e-04, 6.94919785e-04,
       6.94919727e-04, 6.57486729e-04, 2.58104003e-04, 6.64710475e-04,
       6.67040818e-04, 6.43857522e-04, 6.57486729e-04, 6.57486729e-04,
       6.64710475e-04, 6.64710591e-04, 6.64710649e-04, 6.79815246e-04,
       1.42038945e-04, 6.87367457e-04, 6.89803564e-04, 6.57486496e-04,
       6.79815246e-04, 6.79979392e-04, 6.87367457e-04, 6.87367457e-04,
       6.87367457e-04, 6.79979392e-04, 1.41874727e-04, 6.87367457e-04,
       6.89750654e-04, 6.57486671e-04, 6.79979392e-04, 6.79815246e-04,
       6.87367457e-04, 6.87367457e-04, 6.87367516e-04, 6.87367516e-04,
       1.43516809e-04, 6.94919727e-04, 6.97355950e-04, 6.64710591e-04,
       6.87367516e-04, 6.87367516e-04, 6.94919727e-04, 6.94919785e-04,
       6.94919785e-04, 6.87367516e-04, 1.43516809e-04, 6.94919785e-04,
       6.97355950e-04, 6.64710591e-04, 6.87367516e-04, 6.87367516e-04,
       6.94919785e-04, 6.94919785e-04, 6.94919727e-04, 6.87367516e-04,
       1.43516809e-04, 6.94919785e-04, 6.97355892e-04, 6.64710591e-04,
       6.87367516e-04, 6.87367516e-04, 6.94919785e-04, 6.94919727e-04,
       6.94919727e-04 ]
