%YAML:1.0
mat: !!opencv-matrix
   rows: 10
   cols: 10
   dt: f
   data: [ 6.71005750e-04, 3.32181109e-04, 3.52925126e-04,
       6.83929597e-04, 6.76057243e-04, 6.56938937e-04, 6.76057243e-04,
       6.76057243e-04, 6.76057243e-04, 6.76057243e-04, 3.35051125e-04,
       1.31622807e-03, 5.60505956e-04, 3.25510016e-04, 3.21475905e-04,
       3.43868451e-04, 3.21475905e-04, 3.21475905e-04, 3.21475905e-04,
       3.21475905e-04, 3.56030156e-04, 5.63383335e-04, 1.45652739e-03,
       3.10009054e-04, 3.06167349e-04, 4.01041500e-04, 3.06167349e-04,
       3.06167349e-04, 3.06167349e-04, 3.06167349e-04, 6.83380698e-04,
       3.22052365e-04, 3.06716305e-04, 6.98769290e-04, 6.90128945e-04,
       6.66867534e-04, 6.90128945e-04, 6.90128945e-04, 6.90128945e-04,
       6.90128945e-04, 6.82229060e-04, 3.21475905e-04, 3.06167349e-04,
       6.97535288e-04, 6.88895001e-04, 6.65688422e-04, 6.88895001e-04,
       6.88895001e-04, 6.88895001e-04, 6.88895001e-04, 6.58374862e-04,
       3.41442821e-04, 3.97768483e-04, 6.69007539e-04, 6.60751248e-04,
       6.46745379e-04, 6.60751248e-04, 6.60751248e-04, 6.60751248e-04,
       6.60751248e-04, 6.82229060e-04, 3.21475905e-04, 3.06167349e-04,
       6.97535288e-04, 6.88895001e-04, 6.65688422e-04, 6.88895001e-04,
       6.88895001e-04, 6.88895001e-04, 6.88895001e-04, 6.82229060e-04,
       3.21475905e-04, 3.06167349e-04, 6.97535288e-04, 6.88895001e-04,
       6.65688422e-04, 6.88895001e-04, 6.88895001e-04, 6.88895001e-04,
       6.88895001e-04, 6.82229060e-04, 3.21475905e-04, 3.06167349e-04,
       6.97535288e-04, 6.88895001e-04, 6.65688422e-04, 6.88895001e-04,
       6.88895001e-04, 6.88895001e-04, 6.88895001e-04, 6.82229060e-04,
       3.21475905e-04, 3.06167349e-04, 6.97535288e-04, 6.88895001e-04,
       6.65688422e-04, 6.88895001e-04, 6.88895001e-04, 6.88895001e-04,
       6.88895001e-04 ]
