%YAML:1.0
mat: !!opencv-matrix
   rows: 10
   cols: 10
   dt: f
   data: [ 6.75066723e-04, 4.23382124e-04, 6.86530722e-04,
       6.78859535e-04, 6.33177289e-04, 6.86530722e-04, 6.82694779e-04,
       6.75109797e-04, 6.86530722e-04, 6.86530722e-04, 4.23382065e-04,
       6.87425549e-04, 4.30536486e-04, 4.25795588e-04, 4.79587849e-04,
       4.30536486e-04, 4.28166037e-04, 4.23338934e-04, 4.30536486e-04,
       4.30536486e-04, 6.86530431e-04, 4.30536194e-04, 6.98166783e-04,
       6.90409448e-04, 6.43865322e-04, 6.98166783e-04, 6.94287766e-04,
       6.86530431e-04, 6.98166783e-04, 6.98166783e-04, 6.78859244e-04,
       4.25795559e-04, 6.90409390e-04, 6.82652055e-04, 6.36797457e-04,
       6.90409390e-04, 6.86530373e-04, 6.78945391e-04, 6.90409390e-04,
       6.90409390e-04, 6.33176707e-04, 4.79627284e-04, 6.43865031e-04,
       6.36797107e-04, 6.12804201e-04, 6.43865031e-04, 6.40330836e-04,
       6.33090560e-04, 6.43865031e-04, 6.43865031e-04, 6.86530431e-04,
       4.30536194e-04, 6.98166783e-04, 6.90409448e-04, 6.43865322e-04,
       6.98166783e-04, 6.94287766e-04, 6.86530431e-04, 6.98166783e-04,
       6.98166783e-04, 6.82694837e-04, 4.28165891e-04, 6.94288115e-04,
       6.86530781e-04, 6.40331360e-04, 6.94288115e-04, 6.90409099e-04,
       6.82737911e-04, 6.94288115e-04, 6.94288115e-04, 6.75109797e-04,
       4.23339021e-04, 6.86530664e-04, 6.78945740e-04, 6.33091084e-04,
       6.86530664e-04, 6.82737853e-04, 6.75066723e-04, 6.86530664e-04,
       6.86530664e-04, 6.86530431e-04, 4.30536194e-04, 6.98166783e-04,
       6.90409448e-04, 6.43865322e-04, 6.98166783e-04, 6.94287766e-04,
       6.86530431e-04, 6.98166783e-04, 6.98166783e-04, 6.86530431e-04,
       4.30536194e-04, 6.98166783e-04, 6.90409448e-04, 6.43865322e-04,
       6.98166783e-04, 6.94287766e-04, 6.86530431e-04, 6.98166783e-04,
       6.98166783e-04 ]
