%YAML:1.0
mat: !!opencv-matrix
   rows: 10
   cols: 10
   dt: f
   data: [ 6.89508452e-04, 3.44621425e-04, 0., 0., 3.44621425e-04,
       6.89242966e-04, 6.89845416e-04, 3.44621425e-04, 1.72310727e-04,
       6.89242966e-04, 3.44621483e-04, 2.09161825e-03, 1.87367888e-03,
       0., 1.72222237e-04, 3.44444474e-04, 3.44846136e-04,
       1.10591284e-03, 8.61111112e-05, 3.44444474e-04, 0.,
       1.88494311e-03, 3.85046261e-03, 4.03392687e-03, 9.93446796e-04,
       0., 0., 1.92032510e-03, 2.02242308e-03, 0., 0., 0.,
       4.03020950e-03, 8.29789042e-03, 1.96683966e-03, 0., 0.,
       2.01251730e-03, 4.07567155e-03, 0., 3.44621483e-04,
       1.72222237e-04, 1.00093940e-03, 2.04224023e-03, 9.38636251e-04,
       3.44444474e-04, 3.44846136e-04, 6.73052680e-04, 1.37029809e-03,
       3.44444474e-04, 6.89242908e-04, 3.44444474e-04, 0., 0.,
       3.44444474e-04, 6.88888947e-04, 6.89692330e-04, 3.44444474e-04,
       1.72222237e-04, 6.88888947e-04, 6.90046290e-04, 3.44846165e-04,
       0., 0., 3.44846165e-04, 6.89692330e-04, 6.90495712e-04,
       3.44846165e-04, 1.72423068e-04, 6.89692330e-04, 3.44621483e-04,
       1.09946553e-03, 1.91461458e-03, 2.01439159e-03, 6.69390371e-04,
       3.44444474e-04, 3.44846136e-04, 1.12582557e-03, 1.09657610e-03,
       3.44444474e-04, 1.72310727e-04, 8.61111112e-05, 2.04398180e-03,
       4.19307593e-03, 1.36867270e-03, 1.72222237e-04, 1.72423068e-04,
       1.10770972e-03, 2.39219144e-03, 1.72222237e-04, 6.89242908e-04,
       3.44444474e-04, 0., 0., 3.44444474e-04, 6.88888947e-04,
       6.89692330e-04, 3.44444474e-04, 1.72222237e-04, 6.88888947e-04 ]
