%YAML:1.0
mat: !!opencv-matrix
   rows: 10
   cols: 10
   dt: f
   data: [ 2.40657059e-03, 2.41543329e-03, 8.01068032e-04,
       1.57753110e-03, 0., 0., 0., 4.65282865e-05, 0., 7.91273837e-04,
       2.41251872e-03, 2.42138049e-03, 8.03005183e-04, 1.58153952e-03,
       0., 0., 0., 4.62754324e-05, 0., 7.96957000e-04, 7.85014767e-04,
       7.89670565e-04, 2.62763491e-03, 1.97129324e-03, 2.47525889e-03,
       2.04451918e-03, 3.32831102e-03, 1.94235693e-03, 2.02372950e-03,
       1.79787888e-03, 1.58162590e-03, 1.58583024e-03, 1.97807979e-03,
       2.03839364e-03, 2.01329845e-03, 2.05087592e-03, 1.93411508e-03,
       1.48413749e-03, 2.03131931e-03, 2.06100335e-03, 0., 0.,
       2.49096262e-03, 2.03895639e-03, 5.14868740e-03, 6.21310482e-03,
       2.93596741e-03, 3.50184552e-03, 6.13759551e-03, 4.63672541e-03,
       0., 0., 2.06012628e-03, 2.06867768e-03, 6.15556957e-03,
       8.16672388e-03, 2.03678804e-03, 4.01944667e-03, 8.11350532e-03,
       6.10745419e-03, 0., 0., 3.30981077e-03, 1.92955113e-03,
       2.95891031e-03, 2.05836375e-03, 4.71934024e-03, 2.40068114e-03,
       2.06890493e-03, 1.54950249e-03, 4.56371708e-05, 4.62754324e-05,
       1.96865434e-03, 1.51074200e-03, 3.54426936e-03, 4.08250606e-03,
       2.41191103e-03, 2.50641559e-03, 4.07885946e-03, 3.05787404e-03,
       0., 0., 2.04113033e-03, 2.04655575e-03, 6.13337988e-03,
       8.15374684e-03, 2.05300539e-03, 4.06066934e-03, 8.13695509e-03,
       6.11399719e-03, 7.80500006e-04, 7.85157958e-04, 1.81315979e-03,
       2.07672850e-03, 4.62867739e-03, 6.14425167e-03, 1.53701531e-03,
       3.02811409e-03, 6.10938342e-03, 4.85982932e-03 ]
