%YAML:1.0
mat: !!opencv-matrix
   rows: 10
   cols: 10
   dt: f
   data: [ 7.79576076e-04, 4.59336356e-04, 4.73641237e-04, 0.,
       4.78130183e-04, 0., 4.79158771e-04, 0., 0., 4.73490276e-04,
       4.59413481e-04, 6.89348264e-04, 0., 0., 0., 0., 0., 0., 0., 0.,
       4.73599968e-04, 0., 4.09780769e-03, 5.44018066e-03,
       4.06803004e-03, 5.43224672e-03, 4.05788096e-03, 5.43869613e-03,
       5.41548245e-03, 4.14958037e-03, 0., 0., 5.41569293e-03,
       8.15302134e-03, 5.41640399e-03, 8.12186487e-03, 5.43566188e-03,
       8.12965166e-03, 8.12299456e-03, 5.42214420e-03, 4.70247091e-04,
       0., 4.07399470e-03, 5.43863466e-03, 4.03369637e-03,
       5.42391744e-03, 4.03911807e-03, 5.43018244e-03, 5.38462447e-03,
       4.12543491e-03, 0., 0., 5.37376758e-03, 8.09641089e-03,
       5.36718965e-03, 8.05904623e-03, 5.39306086e-03, 8.06558318e-03,
       8.05708487e-03, 5.38872927e-03, 4.70732717e-04, 0.,
       4.08846047e-03, 5.45690861e-03, 4.07229131e-03, 5.44036273e-03,
       4.07565664e-03, 5.44595392e-03, 5.41876256e-03, 4.11050767e-03,
       0., 0., 5.37684886e-03, 8.10262375e-03, 5.37027093e-03,
       8.06663651e-03, 5.39533561e-03, 8.07325076e-03, 8.06136895e-03,
       5.39248670e-03, 0., 0., 5.42427413e-03, 8.15767050e-03,
       5.37276920e-03, 8.14162195e-03, 5.36359427e-03, 8.15108791e-03,
       8.10555927e-03, 5.50195295e-03, 4.73454420e-04, 0.,
       4.12693247e-03, 5.44836652e-03, 4.09690663e-03, 5.45031950e-03,
       4.07062378e-03, 5.45696449e-03, 5.45955729e-03, 4.17935802e-03 ]
