%YAML:1.0
mat: !!opencv-matrix
   rows: 10
   cols: 10
   dt: f
   data: [ 2.93751969e-03, 2.51453975e-03, 2.41509639e-03,
       2.08692579e-03, 1.50851614e-03, 1.18363253e-03, 2.13859366e-05,
       0., 1.27269619e-03, 1.18739830e-04, 2.50855368e-03,
       2.14294647e-03, 2.05801451e-03, 1.78891222e-03, 1.29151286e-03,
       1.00503187e-03, 3.25034707e-05, 0., 1.12678134e-03,
       1.78140646e-04, 2.40977434e-03, 2.06076400e-03, 2.20700121e-03,
       2.17510457e-03, 1.82960299e-03, 1.87205127e-03, 1.14739919e-03,
       1.29678473e-03, 1.03656936e-03, 8.90702213e-05, 2.06929329e-03,
       1.77894509e-03, 2.16797250e-03, 2.37317313e-03, 2.24593538e-03,
       2.63557024e-03, 2.28275405e-03, 2.62049772e-03, 9.10894829e-04,
       8.90702213e-05, 1.49209250e-03, 1.27902371e-03, 1.81596237e-03,
       2.23906175e-03, 2.24849861e-03, 2.89914664e-03, 2.91847275e-03,
       3.36585194e-03, 6.88571716e-04, 1.27632971e-04, 1.17269519e-03,
       9.98290605e-04, 1.87245605e-03, 2.64488044e-03, 2.92338943e-03,
       4.01305035e-03, 4.45035659e-03, 5.12947328e-03, 4.84374119e-04,
       0., 2.12723971e-05, 3.25034707e-05, 1.14548753e-03,
       2.27530184e-03, 2.92653614e-03, 4.41554608e-03, 5.56440279e-03,
       6.38468005e-03, 8.50895885e-05, 1.27654916e-04, 0., 0.,
       1.29846600e-03, 2.61996663e-03, 3.38333286e-03, 5.10438904e-03,
       6.40321942e-03, 7.32456427e-03, 0., 0., 1.28400617e-03,
       1.14254886e-03, 1.04833266e-03, 9.18172591e-04, 6.99339609e-04,
       4.89420549e-04, 8.50895885e-05, 0., 8.06286989e-04,
       4.75041452e-04, 1.18760334e-04, 1.78140617e-04, 8.90702067e-05,
       8.90702067e-05, 1.27632986e-04, 0., 1.27654901e-04, 0.,
       4.75041335e-04, 7.12685287e-04 ]
