%YAML:1.0
mat: !!opencv-matrix
   rows: 10
   cols: 10
   dt: f
   data: [ 6.89378357e-04, 1.96867055e-04, 2.03655465e-04, 0., 0., 0.,
       0., 0., 0., 0., 1.96867055e-04, 1.90860161e-03, 1.08575821e-03,
       6.75390649e-04, 2.03454541e-03, 1.02064514e-03, 1.51946361e-03,
       1.67039351e-03, 1.68102689e-03, 1.20347016e-03, 2.03573203e-04,
       1.07469934e-03, 1.16484531e-03, 1.19204097e-03, 1.12958765e-03,
       1.09608844e-03, 1.11708581e-03, 1.21524790e-03, 1.22221699e-03,
       1.83577125e-03, 0., 6.74695300e-04, 1.20641792e-03,
       4.09090472e-03, 2.96901795e-03, 4.16021794e-03, 3.62050580e-03,
       2.90680397e-03, 2.91952025e-03, 6.07189722e-04, 0.,
       2.01335177e-03, 1.14551745e-03, 2.95945257e-03, 4.06635040e-03,
       3.63634387e-03, 3.87531868e-03, 3.38564161e-03, 3.39185330e-03,
       0., 0., 1.00702897e-03, 1.10671064e-03, 4.14681481e-03,
       3.63003090e-03, 4.47336351e-03, 4.07967065e-03, 3.29697737e-03,
       3.29724536e-03, 0., 0., 1.50262879e-03, 1.12047140e-03,
       3.56303784e-03, 3.84623581e-03, 4.05415380e-03, 3.96761810e-03,
       3.33835301e-03, 3.34058539e-03, 0., 0., 1.67381193e-03,
       1.22505368e-03, 2.87930155e-03, 3.39833600e-03, 3.29831522e-03,
       3.36633762e-03, 2.95662438e-03, 2.97496747e-03, 6.05087494e-04,
       0., 1.67064567e-03, 1.21889100e-03, 2.87107518e-03,
       3.36795882e-03, 3.27162771e-03, 3.33574414e-03, 2.95675243e-03,
       2.95746233e-03, 6.03256514e-04, 0., 1.19563018e-03,
       1.81773072e-03, 6.06879126e-04, 0., 0., 0., 6.05395762e-04,
       6.04092376e-04, 4.22037533e-03 ]
