%YAML:1.0
mat: !!opencv-matrix
   rows: 10
   cols: 10
   dt: f
   data: [ 6.88888947e-04, 3.44577042e-04, 5.16665517e-04, 0.,
       1.72222237e-04, 1.72222237e-04, 3.44342552e-04, 1.72222237e-04,
       5.16666740e-04, 6.89016422e-04, 3.44621280e-04, 1.21394440e-03,
       2.58420972e-04, 2.08688993e-03, 1.64296443e-03, 1.64284476e-03,
       1.20731641e-03, 1.64192275e-03, 2.58421729e-04, 3.44706292e-04,
       5.16665110e-04, 2.58420914e-04, 9.07958602e-04, 0.,
       1.29166263e-04, 1.29166263e-04, 2.60200060e-04, 1.29166263e-04,
       9.07999580e-04, 5.16750093e-04, 0., 2.09133257e-03, 0.,
       4.18340368e-03, 3.12368129e-03, 3.12350690e-03, 2.07198504e-03,
       3.12120095e-03, 0., 0., 1.72222237e-04, 1.63953286e-03,
       1.29166263e-04, 3.11518833e-03, 2.36485852e-03, 2.36467947e-03,
       1.63277797e-03, 2.36329623e-03, 1.29166670e-04, 1.72264743e-04,
       1.72222237e-04, 1.63997500e-03, 1.29166263e-04, 3.11597669e-03,
       2.36552162e-03, 2.36534211e-03, 1.63301034e-03, 2.36395933e-03,
       1.29166670e-04, 1.72264743e-04, 3.44308559e-04, 1.21250900e-03,
       2.60200060e-04, 2.09407881e-03, 1.64645456e-03, 1.64628832e-03,
       1.21962896e-03, 1.64621964e-03, 2.60204251e-04, 3.44308559e-04,
       1.72222237e-04, 1.63864484e-03, 1.29166263e-04, 3.11341300e-03,
       2.36352696e-03, 2.36334745e-03, 1.63184211e-03, 2.36196443e-03,
       1.29166670e-04, 1.72264743e-04, 5.16666740e-04, 2.58421729e-04,
       9.08002839e-04, 0., 1.29166670e-04, 1.29166670e-04,
       2.60204251e-04, 1.29166670e-04, 9.08043759e-04, 5.16751723e-04,
       6.89058797e-04, 3.44706234e-04, 5.16750093e-04, 0.,
       1.72264743e-04, 1.72264743e-04, 3.44308559e-04, 1.72264743e-04,
       5.16751665e-04, 6.89228822e-04 ]
