%YAML:1.0
mat: !!opencv-matrix
   rows: 10
   cols: 10
   dt: f
   data: [ 3.67040979e-03, 3.59474751e-03, 1.79945061e-03,
       1.78507250e-03, 3.57455527e-03, 1.79827667e-03, 3.62493214e-03,
       0., 1.53086425e-04, 2.29629644e-04, 3.59503995e-03,
       4.06530919e-03, 2.72782659e-03, 2.71432404e-03, 4.03999211e-03,
       2.72755651e-03, 4.09448612e-03, 0., 4.71198582e-04, 0.,
       1.79012457e-03, 2.71930802e-03, 2.72979238e-03, 2.73726811e-03,
       2.70229531e-03, 2.73592235e-03, 2.72098649e-03, 0.,
       9.38864658e-04, 0., 1.79859088e-03, 2.73836940e-03,
       2.75965920e-03, 2.74400064e-03, 2.72328337e-03, 2.75142747e-03,
       2.75835628e-03, 0., 9.42086626e-04, 0., 3.58404242e-03,
       4.04993631e-03, 2.71000573e-03, 2.71385070e-03, 4.02618200e-03,
       2.71659717e-03, 4.05943394e-03, 0., 4.70133295e-04, 0.,
       1.79070747e-03, 2.72964104e-03, 2.75012758e-03, 2.74674501e-03,
       2.71824445e-03, 2.74186651e-03, 2.72800587e-03, 0.,
       9.41592036e-04, 0., 3.63222696e-03, 4.10337560e-03,
       2.74231844e-03, 2.73161661e-03, 4.04181471e-03, 2.73991609e-03,
       4.16909158e-03, 0., 4.70995321e-04, 0., 0., 0., 0., 0., 0., 0.,
       0., 7.54069444e-03, 0., 0., 1.53086425e-04, 4.81659255e-04,
       9.52183909e-04, 9.42688144e-04, 4.78224771e-04, 9.40952857e-04,
       4.79324139e-04, 0., 7.80105183e-04, 4.59259318e-04,
       2.29629644e-04, 0., 0., 0., 0., 0., 0., 0., 4.59259318e-04,
       6.88889006e-04 ]
