%YAML:1.0
mat: !!opencv-matrix
   rows: 10
   cols: 10
   dt: f
   data: [ 2.21328717e-03, 3.44444474e-04, 1.29864970e-03,
       3.07475263e-03, 1.20103080e-03, 3.44493048e-04, 3.44444474e-04,
       2.13643792e-03, 3.44444474e-04, 8.61111112e-05, 3.44444474e-04,
       6.88888947e-04, 5.29762474e-04, 0., 3.44444474e-04,
       6.89083303e-04, 6.88888947e-04, 1.72222237e-04, 6.88888947e-04,
       1.72222237e-04, 1.27801078e-03, 5.29762474e-04, 9.17143363e-04,
       1.52326247e-03, 7.75448687e-04, 5.29908168e-04, 5.29762474e-04,
       1.15066906e-03, 5.29762474e-04, 1.32440604e-04, 3.01786559e-03,
       0., 1.53013109e-03, 5.05124032e-03, 1.53035275e-03, 0., 0.,
       3.50279571e-03, 0., 0., 1.18354289e-03, 3.44444474e-04,
       7.79894064e-04, 1.53460633e-03, 9.57298791e-04, 3.44541622e-04,
       3.44444474e-04, 1.10375823e-03, 3.44444474e-04, 8.82314809e-04,
       3.44541622e-04, 6.89083245e-04, 5.29908168e-04, 0.,
       3.44541622e-04, 6.89277658e-04, 6.89083245e-04, 1.72270811e-04,
       6.89083245e-04, 1.72270811e-04, 3.44444474e-04, 6.88888947e-04,
       5.29762474e-04, 0., 3.44444474e-04, 6.89083303e-04,
       6.88888947e-04, 1.72222237e-04, 6.88888947e-04, 1.72222237e-04,
       2.12091696e-03, 1.72222237e-04, 1.16181001e-03, 3.51606868e-03,
       1.10590272e-03, 1.72270811e-04, 1.72222237e-04, 2.54467130e-03,
       1.72222237e-04, 4.30555556e-05, 3.44444474e-04, 6.88888947e-04,
       5.29762474e-04, 0., 3.44444474e-04, 6.89083303e-04,
       6.88888947e-04, 1.72222237e-04, 6.88888947e-04, 1.72222237e-04,
       8.61111112e-05, 1.72222237e-04, 1.32440618e-04, 0.,
       9.15377401e-04, 1.72270811e-04, 1.72222237e-04, 4.30555556e-05,
       1.72222237e-04, 2.44063721e-03 ]
