%YAML:1.0
mat: !!opencv-matrix
   rows: 10
   cols: 10
   dt: f
   data: [ 6.89186738e-04, 0., 0., 1.72264743e-04, 0., 0., 0.,
       3.44491884e-04, 1.72264743e-04, 1.72264743e-04, 0.,
       5.08564617e-03, 5.01618953e-03, 9.32945753e-04, 1.53868867e-03,
       5.06047020e-03, 3.96037195e-03, 0., 4.58363071e-03,
       3.56121408e-03, 0., 5.00679202e-03, 4.95624356e-03,
       9.19749495e-04, 1.52504095e-03, 4.99262335e-03, 3.90145299e-03,
       0., 4.51343879e-03, 3.50143784e-03, 1.72264743e-04,
       9.55377880e-04, 9.28703696e-04, 2.20468524e-03, 7.92344101e-04,
       9.30187525e-04, 1.90814491e-03, 6.06718590e-04, 4.30555556e-05,
       9.85280727e-04, 0., 1.52963155e-03, 1.50249049e-03,
       8.33113038e-04, 2.90696882e-03, 1.52973691e-03, 9.95764858e-04,
       1.58391148e-03, 1.51050219e-03, 1.02424959e-03, 0.,
       5.01434971e-03, 4.96113207e-03, 9.20341350e-04, 1.52409240e-03,
       5.00030210e-03, 3.90029978e-03, 0., 4.51445952e-03,
       3.50734126e-03, 0., 3.99110978e-03, 3.94351454e-03,
       1.86395517e-03, 1.02015375e-03, 3.95769067e-03, 3.85342282e-03,
       0., 3.02336691e-03, 2.98204599e-03, 3.44493834e-04, 0., 0.,
       6.26347959e-04, 1.61024672e-03, 0., 0., 1.23234675e-03,
       8.61130247e-05, 8.61130247e-05, 1.72264743e-04, 4.61826008e-03,
       4.55452781e-03, 4.30555556e-05, 1.53985515e-03, 4.59161680e-03,
       3.00915097e-03, 8.61130247e-05, 4.60774079e-03, 3.13795358e-03,
       1.72264743e-04, 3.58129921e-03, 3.51309078e-03, 9.85003891e-04,
       1.03600614e-03, 3.55539611e-03, 2.97855842e-03, 8.61130247e-05,
       3.11361277e-03, 2.59554153e-03 ]
