%YAML:1.0
mat: !!opencv-matrix
   rows: 10
   cols: 10
   dt: f
   data: [ 7.97105429e-04, 0., 9.53149574e-04, 9.72610724e-04,
       4.78291418e-04, 4.79425275e-04, 0., 4.73519613e-04,
       1.10012549e-03, 4.59259318e-04, 0., 4.50078491e-03,
       1.82262785e-03, 1.80582423e-03, 3.62542644e-03, 3.65964370e-03,
       5.42863319e-03, 3.63921840e-03, 0., 0., 9.53104522e-04,
       1.86467846e-03, 2.77245953e-03, 2.79323733e-03, 2.75833346e-03,
       2.79040611e-03, 2.74052680e-03, 2.77515384e-03, 1.87848124e-03,
       0., 9.71063157e-04, 1.80281361e-03, 2.78214691e-03,
       2.81857001e-03, 2.73952913e-03, 2.74804654e-03, 2.69143051e-03,
       2.74975924e-03, 1.88908854e-03, 0., 4.78079426e-04,
       3.66322929e-03, 2.74856458e-03, 2.74982140e-03, 4.08850750e-03,
       4.12276434e-03, 5.42602828e-03, 4.10903292e-03, 9.40577767e-04,
       0., 4.80083923e-04, 3.66846845e-03, 2.75382563e-03,
       2.75657140e-03, 4.09319764e-03, 4.12566029e-03, 5.42796589e-03,
       4.11047507e-03, 9.41976439e-04, 0., 0., 5.46861533e-03,
       2.72091571e-03, 2.70367903e-03, 5.42074488e-03, 5.45556750e-03,
       8.11684597e-03, 5.44495927e-03, 0., 0., 4.91000945e-04,
       3.74057912e-03, 2.81329989e-03, 2.80665280e-03, 4.16855514e-03,
       4.20947978e-03, 5.51975844e-03, 4.16389760e-03, 9.47175722e-04,
       0., 1.13508827e-03, 0., 1.90661440e-03, 1.94557826e-03,
       9.56761243e-04, 9.59029014e-04, 0., 9.47175664e-04,
       1.97089463e-03, 2.29629644e-04, 4.59259318e-04, 0., 0., 0., 0.,
       0., 0., 0., 2.29629644e-04, 6.88889006e-04 ]
