%YAML:1.0
mat: !!opencv-matrix
   rows: 10
   cols: 10
   dt: f
   data: [ 3.70494858e-03, 3.63469264e-03, 1.91304076e-03,
       2.29629644e-04, 0., 1.81036233e-03, 3.74049880e-03,
       5.51583571e-03, 7.65432123e-05, 0., 3.58880009e-03,
       4.37629595e-03, 1.78872282e-03, 0., 2.43817503e-03,
       3.43298516e-03, 3.62248160e-03, 5.39541850e-03, 1.63617823e-03,
       1.63611223e-03, 1.85467291e-03, 1.77124282e-03, 1.46537402e-03,
       2.29714220e-04, 0., 8.90791707e-04, 1.84897520e-03,
       2.70396215e-03, 7.65432123e-05, 4.73516586e-04, 2.29714220e-04,
       0., 2.29714220e-04, 6.89389009e-04, 0., 0., 2.29714220e-04, 0.,
       2.29714220e-04, 0., 0., 2.45518773e-03, 0., 0., 7.44902482e-03,
       4.98901587e-03, 0., 0., 4.98907082e-03, 4.98860842e-03,
       1.79280457e-03, 3.45123536e-03, 8.95055768e-04, 0.,
       5.00599435e-03, 4.24443698e-03, 1.81229296e-03, 2.69758468e-03,
       3.34951514e-03, 3.34911793e-03, 3.76832299e-03, 3.68788210e-03,
       1.91068742e-03, 2.29714220e-04, 0., 1.83580432e-03,
       3.79505334e-03, 5.57563128e-03, 7.65432123e-05, 0.,
       5.48033137e-03, 5.45967137e-03, 2.77726003e-03, 0., 0.,
       2.72692624e-03, 5.51188830e-03, 8.33080243e-03, 0., 0.,
       7.65432123e-05, 1.65159639e-03, 7.65432123e-05, 2.29714220e-04,
       5.00597572e-03, 3.34973214e-03, 7.65432123e-05, 0.,
       3.42632132e-03, 3.34938173e-03, 0., 1.65134040e-03,
       4.73477412e-04, 0., 5.00493171e-03, 3.34894331e-03, 0., 0.,
       3.34898965e-03, 3.82204447e-03 ]
