%YAML:1.0
mat: !!opencv-matrix
   rows: 10
   cols: 10
   dt: f
   data: [ 9.08011163e-04, 7.69615173e-04, 2.58332468e-04,
       2.58419197e-04, 1.29166670e-04, 2.58333370e-04, 3.87500040e-04,
       0., 5.16666740e-04, 5.16666740e-04, 7.63954711e-04,
       9.38329089e-04, 6.91228430e-04, 6.90666726e-04, 8.63350171e-04,
       6.90528890e-04, 5.17938810e-04, 1.03845412e-03, 3.44444474e-04,
       3.44444474e-04, 2.58332060e-04, 6.90190238e-04, 1.20437564e-03,
       1.20303477e-03, 1.63345621e-03, 1.20288727e-03, 7.74569286e-04,
       2.06501386e-03, 3.44442728e-04, 3.44442728e-04, 2.58462096e-04,
       6.89534470e-04, 1.20284664e-03, 1.20167888e-03, 1.63183699e-03,
       1.20148924e-03, 7.73956825e-04, 2.06204387e-03, 3.44616157e-04,
       3.44616157e-04, 1.29166670e-04, 8.65268696e-04, 1.64223043e-03,
       1.64162554e-03, 2.37700460e-03, 1.64153019e-03, 9.07451205e-04,
       3.11267911e-03, 1.72222237e-04, 1.72222237e-04, 2.58333370e-04,
       6.89379638e-04, 1.20266539e-03, 1.20145525e-03, 1.63179694e-03,
       1.20126538e-03, 7.73759151e-04, 2.06176797e-03, 3.44444474e-04,
       3.44444474e-04, 3.87500040e-04, 5.17403940e-04, 7.74537912e-04,
       7.74019572e-04, 9.03132081e-04, 7.73838838e-04, 6.45704858e-04,
       1.03285175e-03, 5.16666740e-04, 5.16666740e-04, 0.,
       1.03714736e-03, 2.06655310e-03, 2.06395960e-03, 3.09795630e-03,
       2.06375169e-03, 1.03368424e-03, 4.13486734e-03, 0., 0.,
       5.16666740e-04, 3.44444474e-04, 3.44442728e-04, 3.44616128e-04,
       1.72222237e-04, 3.44444474e-04, 5.16666740e-04, 0.,
       6.88888947e-04, 6.88888947e-04, 5.16666740e-04, 3.44444474e-04,
       3.44442728e-04, 3.44616128e-04, 1.72222237e-04, 3.44444474e-04,
       5.16666740e-04, 0., 6.88888947e-04, 6.88888947e-04 ]
