%YAML:1.0
mat: !!opencv-matrix
   rows: 10
   cols: 10
   dt: f
   data: [ 6.88888947e-04, 0., 0., 3.44444474e-04, 1.72222237e-04,
       3.44444474e-04, 1.72222237e-04, 0., 5.16666740e-04,
       5.16666740e-04, 0., 2.87436903e-03, 2.86619575e-03,
       1.29788998e-03, 2.36914866e-03, 1.57957280e-03, 2.36829766e-03,
       3.15953512e-03, 8.00345733e-04, 5.13137784e-04, 0.,
       2.85870139e-03, 2.83666910e-03, 1.29871722e-03, 2.33485317e-03,
       1.55670894e-03, 2.33429880e-03, 3.11380764e-03, 7.97315734e-04,
       5.03934803e-04, 3.44444474e-04, 1.29455922e-03, 1.30018848e-03,
       9.34589189e-04, 8.88834125e-04, 7.07423314e-04, 8.87948030e-04,
       1.07096706e-03, 5.24608942e-04, 7.70081941e-04, 1.72222237e-04,
       2.34428467e-03, 2.32135714e-03, 8.77879444e-04, 2.36487715e-03,
       1.63414911e-03, 2.36321380e-03, 3.09777143e-03, 9.20743973e-04,
       1.29166670e-04, 3.44444474e-04, 1.56321144e-03, 1.54796080e-03,
       7.00138859e-04, 1.63430721e-03, 1.20445807e-03, 1.63319823e-03,
       2.06560153e-03, 7.86122575e-04, 2.58333370e-04, 1.72222237e-04,
       2.34311656e-03, 2.31975294e-03, 8.77545739e-04, 2.36258749e-03,
       1.63262291e-03, 2.36092415e-03, 3.09471902e-03, 9.20442108e-04,
       1.29166670e-04, 0., 3.12857958e-03, 3.09885526e-03,
       1.05626462e-03, 3.10001662e-03, 2.06688675e-03, 3.09779844e-03,
       4.13603429e-03, 1.05600990e-03, 0., 5.16666740e-04,
       7.95864442e-04, 7.95391039e-04, 5.24695730e-04, 9.31820483e-04,
       7.93488289e-04, 9.31011338e-04, 1.07087498e-03, 6.53798692e-04,
       3.87500040e-04, 5.16666740e-04, 5.07620047e-04, 5.08190191e-04,
       7.63227756e-04, 1.29166670e-04, 2.58333370e-04, 1.29166670e-04,
       0., 3.87500040e-04, 9.08115355e-04 ]
