%YAML:1.0
mat: !!opencv-matrix
   rows: 10
   cols: 10
   dt: f
   data: [ 1.96455978e-03, 1.65145073e-04, 2.81508989e-03,
       2.84685497e-03, 2.80855107e-03, 1.88634801e-03, 2.87405238e-03,
       1.95642444e-03, 1.09168829e-03, 2.83426023e-03, 1.65145073e-04,
       1.19676068e-03, 0., 0., 0., 8.83185887e-04, 0., 1.65432095e-04,
       3.30070761e-04, 0., 2.81631527e-03, 0., 4.21321625e-03,
       4.25689993e-03, 4.20095026e-03, 2.82422593e-03, 4.29900317e-03,
       2.81280419e-03, 1.40398194e-03, 4.24116058e-03, 2.82044662e-03,
       0., 4.24322486e-03, 4.24781023e-03, 4.24489332e-03,
       2.83473218e-03, 4.22915397e-03, 2.81419838e-03, 1.40956428e-03,
       4.23264131e-03, 2.85922852e-03, 0., 4.25829832e-03,
       4.25327197e-03, 4.24253568e-03, 2.83415476e-03, 4.30971570e-03,
       2.85736169e-03, 1.42545381e-03, 4.30454407e-03, 1.92334887e-03,
       9.13904689e-04, 2.86084344e-03, 2.84139742e-03, 2.84911902e-03,
       2.78570340e-03, 2.89772986e-03, 1.92090520e-03, 9.58839082e-04,
       2.89599388e-03, 2.88203359e-03, 0., 4.29073628e-03,
       4.20767255e-03, 4.27758694e-03, 2.84513575e-03, 4.29413002e-03,
       2.88022659e-03, 1.43769290e-03, 4.33435757e-03, 1.95302151e-03,
       1.65432095e-04, 2.80831405e-03, 2.84527452e-03, 2.80185207e-03,
       1.88418210e-03, 2.86904024e-03, 1.96289434e-03, 1.11163827e-03,
       2.82564410e-03, 1.09330728e-03, 3.30070732e-04, 1.40435027e-03,
       1.42252049e-03, 1.40111928e-03, 9.42121085e-04, 1.43463921e-03,
       1.11343001e-03, 8.19488429e-04, 1.41308946e-03, 2.83625443e-03,
       0., 4.23641037e-03, 4.26313002e-03, 4.22391528e-03,
       2.83068209e-03, 4.31565754e-03, 2.83274334e-03, 1.41395151e-03,
       4.27106954e-03 ]
