%YAML:1.0
mat: !!opencv-matrix
   rows: 10
   cols: 10
   dt: f
   data: [ 1.25522865e-03, 2.15628790e-03, 1.68827886e-03,
       5.31648053e-04, 1.05443026e-03, 1.06063217e-03, 5.04909491e-04,
       0., 1.18805061e-03, 0., 2.16442137e-03, 4.30717180e-03,
       3.20436293e-03, 1.06419472e-03, 2.10740510e-03, 2.11772369e-03,
       1.01104961e-03, 0., 2.18922435e-03, 0., 1.72425550e-03,
       3.26237944e-03, 2.45679147e-03, 7.99166679e-04, 1.59530155e-03,
       1.60513842e-03, 7.53650733e-04, 0., 1.70310261e-03, 0.,
       5.46987343e-04, 1.08975067e-03, 8.05219635e-04, 4.87134419e-03,
       2.04214593e-03, 3.55858821e-03, 3.31635121e-03, 4.48958063e-03,
       2.07551615e-03, 6.17562747e-03, 1.07012875e-03, 2.13887659e-03,
       1.59252516e-03, 2.03154888e-03, 1.99335418e-03, 2.04749848e-03,
       1.94957270e-03, 1.95764354e-03, 1.58495246e-03, 2.00470351e-03,
       1.06129260e-03, 2.11188989e-03, 1.58443442e-03, 3.56029323e-03,
       2.03511701e-03, 3.03875329e-03, 2.53185723e-03, 3.00090224e-03,
       2.08313530e-03, 4.05639736e-03, 5.06479002e-04, 1.00114616e-03,
       7.63885735e-04, 3.32151889e-03, 1.97387696e-03, 2.52885907e-03,
       2.76670326e-03, 3.45903472e-03, 1.49602222e-03, 4.08749143e-03,
       0., 0., 0., 4.56067314e-03, 1.97524624e-03, 3.03241168e-03,
       3.50456964e-03, 5.02828415e-03, 1.52852444e-03, 6.09372137e-03,
       1.18110247e-03, 2.17582285e-03, 1.65310211e-03, 2.04237853e-03,
       1.55973819e-03, 2.07250030e-03, 1.49823877e-03, 1.51099975e-03,
       1.65499421e-03, 2.01574923e-03, 0., 0., 0., 6.17823191e-03,
       2.01317249e-03, 4.04491974e-03, 4.09320928e-03, 6.00399822e-03,
       2.03083642e-03, 8.25910829e-03 ]
