%YAML:1.0
mat: !!opencv-matrix
   rows: 10
   cols: 10
   dt: f
   data: [ 6.89381559e-04, 2.75665050e-04, 0., 5.51302626e-04,
       4.13497590e-04, 0., 2.75620754e-04, 6.89067412e-04,
       5.51330100e-04, 6.89162698e-04, 2.75665021e-04, 3.05498950e-03,
       9.83758015e-04, 1.21110852e-03, 1.65333346e-04, 1.95360836e-03,
       1.10226283e-04, 2.75547296e-04, 2.20444461e-04, 2.75555591e-04,
       0., 9.71231551e-04, 2.22550682e-03, 3.22765089e-04,
       9.46703134e-04, 1.93118094e-03, 1.54815894e-03, 0.,
       3.39113118e-04, 0., 5.51273988e-04, 1.19480025e-03,
       3.24121182e-04, 7.68771512e-04, 3.30665702e-04, 6.44935237e-04,
       2.20664966e-04, 5.51487727e-04, 4.40887641e-04, 5.51109493e-04,
       4.13497532e-04, 1.65333346e-04, 9.35242162e-04, 3.30665702e-04,
       7.12329580e-04, 6.33969263e-04, 9.24076128e-04, 4.13320900e-04,
       4.99739370e-04, 4.13333357e-04, 0., 1.94554357e-03,
       1.93670194e-03, 6.50511822e-04, 6.41573861e-04, 2.25529447e-03,
       9.41493025e-04, 0., 3.37765960e-04, 0., 2.75566155e-04,
       1.10226283e-04, 1.55494374e-03, 2.20664951e-04, 9.37763019e-04,
       9.45202832e-04, 1.48821354e-03, 2.76617211e-04, 3.90891277e-04,
       2.75565690e-04, 6.88978471e-04, 2.75547296e-04, 0.,
       5.51487785e-04, 4.13320900e-04, 0., 2.76617240e-04,
       6.90663001e-04, 5.51094592e-04, 6.88868284e-04, 5.51330100e-04,
       2.20444461e-04, 3.48558038e-04, 4.40887641e-04, 5.06231037e-04,
       3.41977458e-04, 3.90997942e-04, 5.51094534e-04, 6.11329509e-04,
       5.51111181e-04, 6.89162698e-04, 2.75555591e-04, 0.,
       5.51109610e-04, 4.13333357e-04, 0., 2.75565719e-04,
       6.88868109e-04, 5.51111181e-04, 6.88888947e-04 ]
