%YAML:1.0
mat: !!opencv-matrix
   rows: 10
   cols: 10
   dt: f
   data: [ 1.23764260e-03, 2.13832851e-03, 2.14269385e-03,
       1.07146311e-03, 1.25236379e-03, 3.44444445e-04, 3.44444445e-04,
       2.11587432e-03, 2.13733851e-03, 2.13787612e-03, 2.12272513e-03,
       4.23513725e-03, 4.21857880e-03, 2.10952177e-03, 2.12653214e-03,
       0., 0., 4.19067265e-03, 4.23315726e-03, 4.23423247e-03,
       2.11270945e-03, 4.18602070e-03, 4.14037704e-03, 2.07042089e-03,
       2.08708458e-03, 0., 0., 4.14154120e-03, 4.18404024e-03,
       4.18511545e-03, 1.05632702e-03, 2.09305435e-03, 2.07033171e-03,
       3.07455775e-03, 1.04361388e-03, 0., 0., 2.07066024e-03,
       2.09206413e-03, 2.09260196e-03, 1.23304955e-03, 2.10933900e-03,
       2.09390093e-03, 1.04706653e-03, 1.22762076e-03, 3.44444445e-04,
       3.44444445e-04, 2.08690739e-03, 2.10834877e-03, 2.10888661e-03,
       3.44444445e-04, 0., 0., 0., 3.44444445e-04, 6.88888947e-04,
       6.88888947e-04, 0., 0., 0., 3.44444445e-04, 0., 0., 0.,
       3.44444445e-04, 6.88888947e-04, 6.88888947e-04, 0., 0., 0.,
       2.13686423e-03, 4.22600331e-03, 4.17839084e-03, 2.08919519e-03,
       2.09025550e-03, 0., 0., 4.16878425e-03, 4.22586268e-03,
       4.22600331e-03, 2.12220568e-03, 4.23315354e-03, 4.21565119e-03,
       2.10805796e-03, 2.12506833e-03, 0., 0., 4.18849802e-03,
       4.23117401e-03, 4.23224876e-03, 2.12222594e-03, 4.23376076e-03,
       4.21682419e-03, 2.10864469e-03, 2.12565484e-03, 0., 0.,
       4.18857811e-03, 4.23178077e-03, 4.23285551e-03 ]
