%YAML:1.0
mat: !!opencv-matrix
   rows: 10
   cols: 10
   dt: f
   data: [ 8.73894314e-04, 3.37523205e-04, 5.86669834e-04,
       4.11209825e-04, 0., 3.83966253e-04, 8.17280088e-04,
       8.69758442e-05, 4.87360288e-04, 3.24250082e-04, 3.37523234e-04,
       6.46893284e-04, 5.26170421e-04, 6.46585191e-04, 8.64949776e-04,
       6.41073508e-04, 4.11196612e-04, 8.13532504e-04, 5.70222328e-04,
       6.29198796e-04, 5.84094960e-04, 5.22657938e-04, 7.64992437e-04,
       9.31723102e-04, 8.53333448e-04, 6.03622640e-04, 9.96369170e-04,
       7.66083598e-04, 8.34776089e-04, 5.09380130e-04, 4.13770467e-04,
       6.31152187e-04, 9.40166763e-04, 1.92408590e-03, 2.58574146e-03,
       1.58053346e-03, 1.22126332e-03, 2.11012177e-03, 1.40657497e-03,
       6.27796515e-04, 0., 8.48782307e-04, 8.52999568e-04,
       2.58515077e-03, 4.26268624e-03, 2.56449590e-03, 8.49606702e-04,
       3.40624340e-03, 1.69753400e-03, 8.49115255e-04, 3.82299884e-04,
       6.34312630e-04, 6.12093310e-04, 1.60458102e-03, 2.59385584e-03,
       1.87363580e-03, 5.80302440e-04, 2.10970244e-03, 1.08104327e-03,
       6.30117836e-04, 8.19311885e-04, 4.10804350e-04, 1.00168854e-03,
       1.23119878e-03, 8.54103535e-04, 5.79942425e-04, 1.58756110e-03,
       7.51405954e-04, 1.11074129e-03, 4.01970960e-04, 8.68089410e-05,
       8.00816924e-04, 7.67654041e-04, 2.10152613e-03, 3.41504277e-03,
       2.08039023e-03, 7.49966770e-04, 2.73832213e-03, 1.41672243e-03,
       7.97433488e-04, 4.91353509e-04, 5.70210628e-04, 8.46710755e-04,
       1.43465912e-03, 1.72996044e-03, 1.09459797e-03, 1.10211340e-03,
       1.44237897e-03, 1.12518005e-03, 5.61488210e-04, 3.24250082e-04,
       6.29172020e-04, 5.12922183e-04, 6.43174979e-04, 8.65320093e-04,
       6.36854616e-04, 4.02394799e-04, 8.10267404e-04, 5.61446359e-04,
       6.11477531e-04 ]
