%YAML:1.0
mat: !!opencv-matrix
   rows: 10
   cols: 10
   dt: f
   data: [ 6.53817842e-04, 5.16666740e-04, 8.02461116e-04,
       5.33024489e-04, 7.91340368e-04, 6.53488270e-04, 5.36561420e-04,
       5.27722877e-04, 5.16666740e-04, 5.16666740e-04, 5.16666740e-04,
       6.88888947e-04, 0., 0., 3.44444474e-04, 5.16766042e-04, 0.,
       3.44444474e-04, 6.88888947e-04, 6.88888947e-04, 7.92011502e-04,
       0., 2.79371487e-03, 1.58499519e-03, 1.58495165e-03,
       7.72714731e-04, 1.55544805e-03, 7.80850416e-04, 0., 0.,
       5.32708655e-04, 0., 1.60543784e-03, 3.10193445e-03,
       1.06616027e-03, 5.31950151e-04, 3.12615931e-03, 1.57359033e-03,
       0., 0., 7.91077910e-04, 3.44444474e-04, 1.60547509e-03,
       1.06626656e-03, 1.23845413e-03, 7.90369057e-04, 1.07345369e-03,
       7.11223343e-04, 3.44444474e-04, 3.44444474e-04, 6.50897913e-04,
       5.16766100e-04, 7.71619438e-04, 5.26841148e-04, 7.85215350e-04,
       6.45922264e-04, 5.15718071e-04, 5.17284207e-04, 5.16766100e-04,
       5.16766100e-04, 5.28783188e-04, 0., 1.55698555e-03,
       3.09962267e-03, 1.05830934e-03, 5.16960688e-04, 3.07882787e-03,
       1.55525841e-03, 0., 0., 5.23231342e-04, 3.44444474e-04,
       7.82954448e-04, 1.55863224e-03, 7.02389691e-04, 5.18350687e-04,
       1.55041378e-03, 9.55290918e-04, 3.44444474e-04, 3.44444474e-04,
       5.16666740e-04, 6.88888947e-04, 0., 0., 3.44444474e-04,
       5.16766042e-04, 0., 3.44444474e-04, 6.88888947e-04,
       6.88888947e-04, 5.16666740e-04, 6.88888947e-04, 0., 0.,
       3.44444474e-04, 5.16766042e-04, 0., 3.44444474e-04,
       6.88888947e-04, 6.88888947e-04 ]
