%YAML:1.0
mat: !!opencv-matrix
   rows: 10
   cols: 10
   dt: f
   data: [ 2.39152485e-03, 1.72222237e-04, 1.12734735e-03,
       2.60310341e-03, 2.39383313e-03, 3.38358548e-03, 2.32970854e-03,
       1.72222237e-04, 1.72222237e-04, 1.72222237e-04, 1.72222237e-04,
       6.88888947e-04, 3.44625179e-04, 0., 1.72222237e-04, 0., 0.,
       6.88892964e-04, 6.88900705e-04, 6.88890752e-04, 1.12696760e-03,
       3.44625179e-04, 1.15924142e-03, 1.02971762e-03, 1.12250401e-03,
       1.55840302e-03, 1.49769173e-03, 3.44580185e-04, 3.44584027e-04,
       3.44579050e-04, 2.56386725e-03, 0., 1.01876678e-03,
       3.08197690e-03, 2.56934320e-03, 3.57291009e-03, 2.55194656e-03,
       0., 0., 0., 2.35674880e-03, 1.72222237e-04, 1.11136842e-03,
       2.57069501e-03, 2.35880050e-03, 3.33252875e-03, 2.29858328e-03,
       1.72223241e-04, 1.72225162e-04, 1.72222688e-04, 3.35175148e-03,
       0., 1.54295936e-03, 3.60361766e-03, 3.35281342e-03,
       4.88893595e-03, 3.32875084e-03, 0., 0., 0., 2.31891521e-03, 0.,
       1.50401122e-03, 2.57669017e-03, 2.31859041e-03, 3.33520141e-03,
       2.77699577e-03, 0., 0., 0., 1.72223226e-04, 6.88892964e-04,
       3.44580156e-04, 0., 1.72223226e-04, 0., 0., 6.88989065e-04,
       6.89040928e-04, 6.88984990e-04, 1.72225162e-04, 6.88900764e-04,
       3.44584027e-04, 0., 1.72225162e-04, 0., 0., 6.89040986e-04,
       6.89092907e-04, 6.89036970e-04, 1.72222688e-04, 6.88890752e-04,
       3.44579050e-04, 0., 1.72222688e-04, 0., 0., 6.88985048e-04,
       6.89036911e-04, 6.88980974e-04 ]
