%YAML:1.0
mat: !!opencv-matrix
   rows: 10
   cols: 10
   dt: f
   data: [ 6.88910892e-04, 3.44451808e-04, 0., 0., 0., 3.44451808e-04,
       0., 6.88903616e-04, 3.44451808e-04, 0., 3.44451808e-04,
       1.23746425e-03, 1.06504466e-03, 2.13641860e-03, 1.06351927e-03,
       1.23734330e-03, 0., 3.44444445e-04, 1.23775098e-03,
       2.13712384e-03, 0., 1.06547785e-03, 3.10920482e-03,
       2.13664444e-03, 3.08365282e-03, 1.06535701e-03, 0., 0.,
       1.06576469e-03, 2.13734969e-03, 0., 2.11022445e-03,
       2.10992829e-03, 4.12158528e-03, 2.05539120e-03, 2.05699331e-03,
       0., 0., 2.05740076e-03, 4.17621713e-03, 0., 1.05272967e-03,
       3.06661427e-03, 2.05358258e-03, 3.02681047e-03, 1.02489151e-03,
       0., 0., 1.02509535e-03, 2.08207197e-03, 3.44451808e-04,
       1.22599839e-03, 1.05367752e-03, 2.05567549e-03, 1.02513703e-03,
       1.19816023e-03, 0., 3.44444445e-04, 1.19836407e-03,
       2.08416511e-03, 0., 0., 0., 0., 0., 0., 7.50614190e-03, 0., 0.,
       0., 6.88903616e-04, 3.44444445e-04, 0., 0., 0., 3.44444445e-04,
       0., 6.88888947e-04, 3.44444445e-04, 0., 3.44451808e-04,
       1.22624903e-03, 1.05392816e-03, 2.05617701e-03, 1.02538767e-03,
       1.19841076e-03, 0., 3.44444445e-04, 1.19861471e-03,
       2.08466640e-03, 0., 2.12201220e-03, 2.12161755e-03,
       4.20458429e-03, 2.09487742e-03, 2.09728023e-03, 0., 0.,
       2.09789164e-03, 4.23065014e-03 ]
