%YAML:1.0
mat: !!opencv-matrix
   rows: 10
   cols: 10
   dt: f
   data: [ 1.46060926e-03, 2.62404932e-03, 1.69773959e-03,
       2.54766608e-04, 3.05719936e-04, 1.44079677e-03, 2.61202222e-03,
       1.74535869e-03, 2.54766608e-04, 3.05719936e-04, 2.58190650e-03,
       4.61488916e-03, 2.91568530e-03, 0., 0., 2.52495916e-03,
       4.60058497e-03, 3.03210202e-03, 0., 0., 1.69525540e-03,
       2.94115790e-03, 1.79217057e-03, 1.52859953e-04, 1.53075613e-04,
       1.66384643e-03, 2.93336180e-03, 1.85778283e-03, 1.52859953e-04,
       1.52859953e-04, 2.54766608e-04, 0., 1.52859953e-04,
       6.11439929e-04, 7.65384990e-04, 2.54766608e-04, 0.,
       1.52859953e-04, 6.11439929e-04, 7.64299883e-04, 3.06153583e-04,
       0., 1.53075613e-04, 7.65384990e-04, 9.19761485e-04,
       3.06153583e-04, 0., 1.53075613e-04, 7.65384990e-04,
       9.18460602e-04, 1.44022878e-03, 2.53638974e-03, 1.65012886e-03,
       2.54766608e-04, 3.06153524e-04, 1.40295736e-03, 2.54122284e-03,
       1.71661191e-03, 2.54766608e-04, 3.05719936e-04, 2.58678943e-03,
       4.63385647e-03, 2.92643369e-03, 0., 0., 2.53357738e-03,
       4.61591827e-03, 3.03901453e-03, 0., 0., 1.72922947e-03,
       3.08566191e-03, 1.87072041e-03, 1.52859953e-04, 1.53075613e-04,
       1.72653282e-03, 3.05015873e-03, 1.90500205e-03, 1.52859953e-04,
       1.52859953e-04, 2.54766608e-04, 0., 1.52859953e-04,
       6.11439929e-04, 7.65384990e-04, 2.54766608e-04, 0.,
       1.52859953e-04, 6.11439929e-04, 7.64299883e-04, 3.05719936e-04,
       0., 1.52859953e-04, 7.64299883e-04, 9.18460602e-04,
       3.05719936e-04, 0., 1.52859953e-04, 7.64299883e-04,
       9.17159894e-04 ]
