%YAML:1.0
mat: !!opencv-matrix
   rows: 10
   cols: 10
   dt: f
   data: [ 6.88888947e-04, 6.88890636e-04, 0., 0., 0., 6.88888947e-04,
       0., 0., 0., 3.44444445e-04, 6.88892498e-04, 6.89249719e-04, 0.,
       0., 0., 6.88892498e-04, 0., 0., 0., 3.44446249e-04, 0., 0.,
       4.23732027e-03, 4.20968654e-03, 4.19904478e-03, 0., 0.,
       4.20563854e-03, 4.23464319e-03, 0., 0., 0., 4.17857943e-03,
       4.11851984e-03, 4.11153538e-03, 0., 0., 4.11582133e-03,
       4.17590234e-03, 0., 0., 0., 4.17042803e-03, 4.10889275e-03,
       4.10190923e-03, 0., 0., 4.10619471e-03, 4.16780636e-03, 0.,
       6.88888947e-04, 6.88892498e-04, 0., 0., 0., 6.88888947e-04, 0.,
       0., 0., 3.44444445e-04, 0., 0., 0., 0., 0., 0., 7.53692072e-03,
       0., 0., 0., 0., 0., 4.17562854e-03, 4.11480526e-03,
       4.10782080e-03, 0., 0., 4.11210628e-03, 4.17297985e-03, 0., 0.,
       0., 4.23443178e-03, 4.20563761e-03, 4.19504801e-03, 0., 0.,
       4.20164270e-03, 4.23175469e-03, 0., 3.44444445e-04,
       3.44446249e-04, 0., 0., 0., 3.44444445e-04, 0., 0., 0.,
       2.21505738e-03 ]
