%YAML:1.0
mat: !!opencv-matrix
   rows: 10
   cols: 10
   dt: f
   data: [ 6.54011790e-04, 3.87727225e-04, 0., 3.95639596e-04,
       5.16845554e-04, 5.16845554e-04, 3.87588050e-04, 1.39122407e-04,
       5.16845554e-04, 6.53998461e-04, 3.87773849e-04, 9.08194110e-04,
       1.52617262e-03, 6.47325476e-04, 5.16853004e-04, 5.16853004e-04,
       3.87591717e-04, 1.67979533e-03, 5.16853004e-04, 3.87639768e-04,
       0., 1.53402181e-03, 4.96283872e-03, 1.99321867e-03, 0., 0.,
       4.65377787e-04, 4.55336133e-03, 0., 0., 3.95491865e-04,
       6.41523511e-04, 1.97484763e-03, 1.28532969e-03, 1.72222237e-04,
       1.72222237e-04, 6.00191182e-04, 1.56288594e-03, 1.72222237e-04,
       3.95523268e-04, 5.16845495e-04, 5.16853004e-04, 0.,
       1.72222237e-04, 6.88888947e-04, 6.88888947e-04, 5.16666740e-04,
       1.85099867e-04, 6.88888947e-04, 5.16666740e-04, 5.16845495e-04,
       5.16853004e-04, 0., 1.72222237e-04, 6.88888947e-04,
       6.88888947e-04, 5.16666740e-04, 1.85099867e-04, 6.88888947e-04,
       5.16666740e-04, 3.87588021e-04, 3.87591717e-04, 4.65052406e-04,
       5.94517216e-04, 5.16666740e-04, 5.16666740e-04, 8.51429184e-04,
       1.38195988e-04, 5.16666740e-04, 3.87500040e-04, 1.38869596e-04,
       1.67702581e-03, 4.53394931e-03, 1.57631957e-03, 1.85099867e-04,
       1.85099867e-04, 1.38195988e-04, 4.62482590e-03, 1.85099867e-04,
       1.38824893e-04, 5.16845495e-04, 5.16853004e-04, 0.,
       1.72222237e-04, 6.88888947e-04, 6.88888947e-04, 5.16666740e-04,
       1.85099867e-04, 6.88888947e-04, 5.16666740e-04, 6.53890369e-04,
       3.87639768e-04, 0., 3.95562936e-04, 5.16666740e-04,
       5.16666740e-04, 3.87500040e-04, 1.38824907e-04, 5.16666740e-04,
       6.53832394e-04 ]
