%YAML:1.0
mat: !!opencv-matrix
   rows: 10
   cols: 10
   dt: f
   data: [ 2.19374150e-03, 0., 0., 1.72222222e-04, 3.44444445e-04,
       1.72222222e-04, 1.72222222e-04, 0., 2.02235952e-03,
       2.19443371e-03, 0., 4.17149486e-03, 2.08235462e-03,
       2.08233483e-03, 0., 2.08183448e-03, 2.08183471e-03,
       4.21599718e-03, 2.13410775e-03, 0., 0., 2.06308113e-03,
       2.91445968e-03, 1.05828315e-03, 0., 1.05597684e-03,
       1.04867027e-03, 2.11021956e-03, 1.06085942e-03, 0.,
       1.72222222e-04, 2.06285249e-03, 1.05823914e-03, 1.23042928e-03,
       3.44619533e-04, 1.22812286e-03, 1.22081640e-03, 2.11007125e-03,
       1.06078724e-03, 1.72222222e-04, 3.44619533e-04, 0., 0.,
       3.44619533e-04, 6.89589244e-04, 3.44619533e-04, 3.44619533e-04,
       0., 0., 3.44619533e-04, 1.72222222e-04, 2.06008111e-03,
       1.05398870e-03, 1.22617872e-03, 3.44619533e-04, 1.22387230e-03,
       1.21656584e-03, 2.10421975e-03, 1.05918630e-03, 1.72222222e-04,
       1.72222222e-04, 2.05323892e-03, 1.04451773e-03, 1.21670775e-03,
       3.44619533e-04, 1.21440145e-03, 1.20709487e-03, 2.09148601e-03,
       1.05592352e-03, 1.72222222e-04, 0., 4.12742049e-03,
       2.12743296e-03, 2.12735613e-03, 0., 2.12258263e-03,
       2.10796949e-03, 4.23124479e-03, 2.12189555e-03, 0.,
       2.04406958e-03, 2.07162951e-03, 1.08106807e-03, 1.08102337e-03,
       0., 1.07855629e-03, 1.07124972e-03, 2.13704258e-03,
       3.14743118e-03, 2.08178535e-03, 2.21617916e-03, 0., 0.,
       1.72222222e-04, 3.44619533e-04, 1.72222222e-04, 1.72222222e-04,
       0., 2.08231644e-03, 2.25399644e-03 ]
