%YAML:1.0
mat: !!opencv-matrix
   rows: 10
   cols: 10
   dt: f
   data: [ 6.89687149e-04, 6.89367822e-04, 0., 0., 4.59578616e-04,
       6.89207518e-04, 2.29707439e-04, 0., 6.89367822e-04,
       4.59578616e-04, 6.89367880e-04, 6.88889006e-04, 0., 0.,
       4.59259318e-04, 6.88894070e-04, 2.29629630e-04, 0.,
       6.88889006e-04, 4.59259318e-04, 0., 0., 2.79942644e-03,
       2.83156638e-03, 9.52479022e-04, 0., 1.85804814e-03,
       2.83478945e-03, 0., 9.34160023e-04, 0., 0., 2.78267288e-03,
       4.17331373e-03, 1.40914484e-03, 0., 1.38281565e-03,
       4.19159047e-03, 0., 0., 4.59578616e-04, 4.59259318e-04,
       9.33750649e-04, 1.41808158e-03, 7.79655413e-04, 4.59262694e-04,
       6.25749817e-04, 1.42623717e-03, 4.59259318e-04, 3.06172878e-04,
       6.89048844e-04, 6.88894012e-04, 0., 0., 4.59262694e-04,
       6.89540582e-04, 2.29952086e-04, 0., 6.88894012e-04,
       4.59262694e-04, 2.29627229e-04, 2.29629630e-04, 1.83225691e-03,
       1.37801608e-03, 6.21051120e-04, 2.29952086e-04, 1.41478120e-03,
       1.38307677e-03, 2.29629630e-04, 1.06322963e-03, 0., 0.,
       2.78977538e-03, 4.19199141e-03, 1.41341926e-03, 0.,
       1.39000313e-03, 4.21012565e-03, 0., 0., 6.89367880e-04,
       6.88889006e-04, 0., 0., 4.59259318e-04, 6.88894070e-04,
       2.29629630e-04, 0., 6.88889006e-04, 4.59259318e-04,
       4.59578616e-04, 4.59259318e-04, 9.10864503e-04, 0.,
       3.06172878e-04, 4.59262694e-04, 1.05143851e-03, 0.,
       4.59259318e-04, 1.23180018e-03 ]
