%YAML:1.0
mat: !!opencv-matrix
   rows: 10
   cols: 10
   dt: f
   data: [ 6.89394132e-04, 6.89225795e-04, 3.44612839e-04, 0., 0., 0.,
       0., 3.44612839e-04, 0., 0., 6.89058856e-04, 6.89228997e-04,
       3.44444445e-04, 0., 0., 0., 0., 3.44444445e-04, 0., 0.,
       3.44612839e-04, 3.44444445e-04, 1.24031480e-03, 2.17290898e-03,
       1.07745593e-03, 2.15301150e-03, 0., 1.24991965e-03,
       2.16305675e-03, 2.17276835e-03, 0., 0., 2.13404722e-03,
       4.13983501e-03, 2.08791485e-03, 4.17837035e-03, 0.,
       2.08743196e-03, 4.15953947e-03, 4.18608170e-03, 0., 0.,
       1.07125845e-03, 2.09519314e-03, 3.08920816e-03, 2.11446127e-03,
       0., 1.05635368e-03, 2.10504560e-03, 2.10989732e-03, 0., 0.,
       2.14170571e-03, 4.19298979e-03, 2.11449247e-03, 4.23152512e-03,
       0., 2.11400934e-03, 4.21269424e-03, 4.22121817e-03, 0., 0., 0.,
       0., 0., 0., 7.67316157e-03, 0., 0., 0., 3.44612839e-04,
       3.44444445e-04, 1.24320178e-03, 2.09445483e-03, 1.05622597e-03,
       2.11372226e-03, 0., 1.22820667e-03, 2.10430683e-03,
       2.10936577e-03, 0., 0., 2.13775202e-03, 4.16620355e-03,
       2.10109889e-03, 4.20473935e-03, 0., 2.10061623e-03,
       4.18590801e-03, 4.20348858e-03, 0., 0., 2.14456441e-03,
       4.21886425e-03, 2.12742900e-03, 4.25739912e-03, 0.,
       2.12694635e-03, 4.23856778e-03, 4.23586043e-03 ]
