%YAML:1.0
mat: !!opencv-matrix
   rows: 10
   cols: 10
   dt: f
   data: [ 2.44231778e-03, 1.72211410e-04, 4.30528526e-05, 0., 0.,
       2.43728142e-03, 1.72211410e-04, 4.30528526e-05, 8.40901863e-04,
       1.72211410e-04, 1.72211410e-04, 6.88888947e-04, 1.72222237e-04,
       0., 0., 1.72220098e-04, 6.88888947e-04, 1.72222237e-04,
       1.72222237e-04, 6.88888947e-04, 4.30528526e-05, 1.72222237e-04,
       2.43141269e-03, 2.45111017e-03, 2.48026638e-03, 4.30550244e-05,
       1.72222237e-04, 2.42150738e-03, 1.06285082e-03, 1.72222237e-04,
       0., 0., 2.39767437e-03, 4.96026222e-03, 5.07354084e-03, 0., 0.,
       2.42266688e-03, 2.99760955e-03, 0., 0., 0., 2.42835539e-03,
       5.04027354e-03, 5.15364949e-03, 0., 0., 2.44967313e-03,
       3.05073126e-03, 0., 2.45072367e-03, 1.72220098e-04,
       4.30550244e-05, 0., 0., 2.44074501e-03, 1.72220098e-04,
       4.30550244e-05, 8.42025387e-04, 1.72220098e-04, 1.72211410e-04,
       6.88888947e-04, 1.72222237e-04, 0., 0., 1.72220098e-04,
       6.88888947e-04, 1.72222237e-04, 1.72222237e-04, 6.88888947e-04,
       4.30528526e-05, 1.72222237e-04, 2.39137816e-03, 2.42499541e-03,
       2.46281107e-03, 4.30550244e-05, 1.72222237e-04, 2.37790705e-03,
       1.04242086e-03, 1.72222237e-04, 8.45524366e-04, 1.72222237e-04,
       1.03474804e-03, 3.00751138e-03, 3.08276061e-03, 8.42226786e-04,
       1.72222237e-04, 1.03973399e-03, 2.31511216e-03, 1.72222237e-04,
       1.72211410e-04, 6.88888947e-04, 1.72222237e-04, 0., 0.,
       1.72220098e-04, 6.88888947e-04, 1.72222237e-04, 1.72222237e-04,
       6.88888947e-04 ]
