%YAML:1.0
mat: !!opencv-matrix
   rows: 10
   cols: 10
   dt: f
   data: [ 1.19736500e-03, 1.39810133e-03, 1.38350797e-03,
       8.77296843e-04, 2.38364781e-04, 1.78773582e-04, 1.02332898e-03,
       1.47301692e-03, 4.02716425e-04, 2.38364781e-04, 1.37545005e-03,
       4.65925084e-03, 4.69060801e-03, 4.74807620e-03, 0., 0.,
       2.02983664e-03, 2.61538406e-03, 0., 0., 1.35869219e-03,
       4.70195012e-03, 4.59750788e-03, 4.74267080e-03, 0., 0.,
       2.04077619e-03, 2.60679261e-03, 0., 0., 8.21672729e-04,
       4.64563956e-03, 4.57878271e-03, 5.50413411e-03, 0., 0.,
       1.60219439e-03, 2.27555167e-03, 0., 0., 2.38364752e-04, 0., 0.,
       0., 9.54011572e-04, 7.15181988e-04, 4.76872810e-04, 0.,
       4.76872810e-04, 9.53745504e-04, 1.79034061e-04, 0., 0., 0.,
       7.15181930e-04, 5.36867243e-04, 3.57557699e-04, 0.,
       3.57557699e-04, 7.15115457e-04, 1.01604813e-03, 2.02639331e-03,
       2.05330923e-03, 1.60797162e-03, 4.76872752e-04, 3.57557699e-04,
       1.34607253e-03, 1.34475890e-03, 2.38369888e-04, 4.76739777e-04,
       1.47239305e-03, 2.61331466e-03, 2.59640347e-03, 2.30940920e-03,
       0., 0., 1.35568902e-03, 2.12388788e-03, 3.78589903e-04, 0.,
       3.92651913e-04, 0., 0., 0., 4.76872752e-04, 3.57557699e-04,
       2.38369888e-04, 3.58610385e-04, 4.26759012e-04, 4.76739777e-04,
       2.38364752e-04, 0., 0., 0., 9.53745504e-04, 7.15115457e-04,
       4.76739777e-04, 0., 4.76739777e-04, 9.53479554e-04 ]
