%YAML:1.0
mat: !!opencv-matrix
   rows: 10
   cols: 10
   dt: f
   data: [ 1.47544802e-03, 1.02348672e-03, 2.29629644e-04,
       1.93717785e-03, 1.46409357e-03, 1.78652233e-03, 1.44979311e-03,
       1.79224333e-03, 2.25566840e-03, 1.88445998e-03, 1.02342386e-03,
       1.97034865e-03, 2.29629644e-04, 8.22424263e-05, 2.92819878e-03,
       0., 1.01977889e-03, 0., 9.47457855e-04, 1.97759923e-03,
       2.29629644e-04, 2.29629644e-04, 6.88889006e-04, 2.46727286e-04,
       0., 0., 2.29629644e-04, 0., 0., 0., 1.91836455e-03,
       8.22424263e-05, 2.46727286e-04, 3.75675899e-03, 0.,
       3.56707582e-03, 1.87044370e-03, 3.56631423e-03, 3.55815864e-03,
       1.78823026e-03, 1.40615099e-03, 2.81236763e-03, 0., 0.,
       4.31877933e-03, 0., 1.39009231e-03, 0., 1.40701653e-03,
       2.91838637e-03, 1.78405212e-03, 0., 0., 3.56156193e-03, 0.,
       4.32238681e-03, 1.75594457e-03, 4.31763008e-03, 3.51310289e-03,
       1.76199654e-03, 1.45604706e-03, 1.01293903e-03, 2.29629644e-04,
       1.89798442e-03, 1.44919020e-03, 1.78161310e-03, 1.43013604e-03,
       1.77523971e-03, 2.24577426e-03, 1.87188550e-03, 1.80078461e-03,
       0., 0., 3.59494938e-03, 0., 4.35469951e-03, 1.77267718e-03,
       4.34930949e-03, 3.54456040e-03, 1.77798909e-03, 2.25804327e-03,
       9.46715474e-04, 0., 3.55263567e-03, 1.46426435e-03,
       3.49799427e-03, 2.20778817e-03, 3.47957574e-03, 3.96302436e-03,
       2.74266559e-03, 1.82836375e-03, 1.87369075e-03, 0.,
       1.78483780e-03, 2.89913989e-03, 1.76886050e-03, 1.82082795e-03,
       1.77174667e-03, 2.70499359e-03, 2.84297019e-03 ]
