%YAML:1.0
mat: !!opencv-matrix
   rows: 10
   cols: 10
   dt: f
   data: [ 5.52158570e-04, 5.89116244e-04, 0., 5.52435289e-04,
       5.53560676e-04, 9.40010184e-04, 8.13039311e-04, 9.37106088e-04,
       4.40888893e-04, 6.61333324e-04, 5.63334790e-04, 2.72856746e-03,
       3.28270113e-03, 1.59794081e-03, 5.64138638e-04, 2.44920352e-03,
       2.56365864e-03, 2.46405136e-03, 0., 0., 0., 3.30185494e-03,
       8.41141120e-03, 1.54461607e-03, 0., 0., 0., 0., 0., 0.,
       5.74656297e-04, 1.62654591e-03, 1.58806890e-03, 1.02419313e-03,
       5.55895211e-04, 1.69594819e-03, 1.71273574e-03, 1.72509265e-03,
       2.20444446e-04, 3.30666662e-04, 5.58518164e-04, 5.63778332e-04,
       0., 5.49488876e-04, 5.47571806e-04, 8.98895785e-04,
       7.87845813e-04, 9.21141123e-04, 4.40888893e-04, 6.61333324e-04,
       9.05566674e-04, 2.44597020e-03, 0., 1.67292135e-03,
       8.97501712e-04, 4.10833117e-03, 4.22992324e-03, 4.14909422e-03,
       0., 0., 7.95112748e-04, 2.58692098e-03, 0., 1.66481978e-03,
       7.80191855e-04, 4.26422758e-03, 4.14945139e-03, 4.31032525e-03,
       0., 0., 8.88899202e-04, 2.51795561e-03, 0., 1.68372609e-03,
       9.14238626e-04, 4.22467804e-03, 4.30197828e-03, 4.19863220e-03,
       0., 0., 4.40888893e-04, 0., 0., 2.20444446e-04, 4.40888893e-04,
       0., 0., 0., 4.40888893e-04, 6.61333324e-04, 6.61333324e-04, 0.,
       0., 3.30666662e-04, 6.61333324e-04, 0., 0., 0., 6.61333324e-04,
       9.91999987e-04 ]
