%YAML:1.0
mat: !!opencv-matrix
   rows: 10
   cols: 10
   dt: f
   data: [ 6.82482321e-04, 6.78602955e-04, 0., 3.65806423e-04, 0.,
       5.35457162e-04, 1.69650739e-04, 1.83539625e-04, 5.36729931e-04,
       0., 6.78603014e-04, 6.88888947e-04, 0., 3.71455943e-04, 0.,
       5.43678179e-04, 1.72222237e-04, 1.86111109e-04, 5.44444483e-04,
       0., 0., 0., 2.75283260e-03, 2.02332856e-03, 1.82902685e-03,
       1.00950629e-03, 9.97069641e-04, 2.30365410e-03, 1.01587223e-03,
       1.07023434e-03, 3.65614891e-04, 3.71455913e-04, 2.03201594e-03,
       2.23296089e-03, 9.76838754e-04, 1.30010070e-03, 9.28640002e-05,
       2.15166365e-03, 1.33915187e-03, 0., 0., 0., 1.82810461e-03,
       1.02311629e-03, 2.96494295e-03, 5.13676379e-04, 1.60019519e-03,
       1.84341765e-03, 4.89012396e-04, 3.19621712e-03, 5.35265659e-04,
       5.43678238e-04, 1.02386123e-03, 1.31040020e-03, 4.94573615e-04,
       9.27197398e-04, 1.35919545e-04, 1.17419555e-03, 9.37981298e-04,
       0., 1.69650739e-04, 1.72222237e-04, 1.00462965e-03,
       9.28639856e-05, 1.61422370e-03, 1.35919545e-04, 1.57344772e-03,
       5.93431352e-04, 1.36111121e-04, 2.12852051e-03, 1.83539611e-04,
       1.86111080e-04, 2.32580840e-03, 2.16680649e-03, 1.79550226e-03,
       1.16427068e-03, 5.80976717e-04, 2.41488172e-03, 1.19636161e-03,
       1.06497260e-03, 5.36729989e-04, 5.44444483e-04, 1.00893422e-03,
       1.29821850e-03, 4.78327798e-04, 9.20105493e-04, 1.36111092e-04,
       1.15975202e-03, 9.34100186e-04, 0., 0., 0., 1.06468564e-03, 0.,
       3.25047062e-03, 0., 2.14074901e-03, 1.10153423e-03, 0.,
       4.27486515e-03 ]
