%YAML:1.0
mat: !!opencv-matrix
   rows: 10
   cols: 10
   dt: f
   data: [ 3.04992241e-03, 3.06651648e-03, 8.02070310e-04, 0.,
       1.07028440e-03, 5.26470074e-04, 1.09946984e-03, 2.61465670e-04,
       3.58421216e-03, 3.59717174e-03, 3.08482652e-03, 3.04752216e-03,
       8.06560216e-04, 0., 1.08116691e-03, 5.20230911e-04,
       1.11094315e-03, 2.64465198e-04, 3.60592431e-03, 3.59815964e-03,
       8.02894996e-04, 7.88842095e-04, 5.50155295e-03, 4.37766220e-03,
       4.04861988e-03, 3.93739203e-03, 1.84912758e-03, 6.19546231e-03,
       9.28395602e-04, 9.24304186e-04, 0., 0., 4.39677807e-03,
       4.40159300e-03, 3.39245214e-03, 3.42131848e-03, 1.38302427e-03,
       5.03954571e-03, 0., 0., 1.06295187e-03, 1.03980186e-03,
       4.11978550e-03, 3.43892374e-03, 3.21797165e-03, 3.03044450e-03,
       1.53174542e-03, 4.51589702e-03, 1.24531065e-03, 1.23574026e-03,
       5.25385316e-04, 5.40830137e-04, 3.97091918e-03, 3.43205733e-03,
       2.99749780e-03, 2.94966600e-03, 1.40401663e-03, 4.44590626e-03,
       5.97454433e-04, 6.05576381e-04, 1.08630140e-03, 1.09605899e-03,
       1.85093668e-03, 1.37145317e-03, 1.50736631e-03, 1.38868985e-03,
       9.68698005e-04, 1.92258146e-03, 1.22316112e-03, 1.23147224e-03,
       2.61415553e-04, 2.65476352e-04, 6.16480177e-03, 5.01832832e-03,
       4.43110662e-03, 4.41497192e-03, 1.91314728e-03, 7.02987285e-03,
       3.19956249e-04, 3.22255713e-04, 3.58310807e-03, 3.55580822e-03,
       9.31222457e-04, 0., 1.25919934e-03, 5.89938601e-04,
       1.23300077e-03, 3.19237355e-04, 4.19682311e-03, 4.20156727e-03,
       3.61017464e-03, 3.55513534e-03, 9.34822776e-04, 0.,
       1.26897742e-03, 5.91723481e-04, 1.24648598e-03, 3.21847707e-04,
       4.22492111e-03, 4.20050463e-03 ]
