%YAML:1.0
mat: !!opencv-matrix
   rows: 10
   cols: 10
   dt: f
   data: [ 1.97055587e-03, 2.29629644e-04, 2.85042473e-03,
       1.90492556e-03, 1.99770043e-03, 2.29629644e-04, 2.29629644e-04,
       1.91289722e-03, 1.97745976e-03, 2.29629644e-04, 2.29629644e-04,
       6.88889006e-04, 0., 0., 2.29629644e-04, 6.88889006e-04,
       6.88889006e-04, 0., 2.29629644e-04, 6.88889006e-04,
       2.82455864e-03, 0., 4.20182711e-03, 2.79180775e-03,
       2.81615555e-03, 0., 0., 2.80376570e-03, 2.81035411e-03, 0.,
       1.87775737e-03, 0., 2.77769915e-03, 2.74510565e-03,
       1.85655965e-03, 0., 0., 2.75093270e-03, 1.86048984e-03, 0.,
       1.96189969e-03, 2.29629644e-04, 2.80466164e-03, 1.86349021e-03,
       1.95626565e-03, 2.29629644e-04, 2.29629644e-04, 1.87146245e-03,
       1.95241405e-03, 2.29629644e-04, 2.29629644e-04, 6.88889006e-04,
       0., 0., 2.29629644e-04, 6.88889006e-04, 6.88889006e-04, 0.,
       2.29629644e-04, 6.88889006e-04, 2.29629644e-04, 6.88889006e-04,
       0., 0., 2.29629644e-04, 6.88889006e-04, 6.88889006e-04, 0.,
       2.29629644e-04, 6.88889006e-04, 1.88142830e-03, 0.,
       2.79034697e-03, 2.75108404e-03, 1.86737184e-03, 0., 0.,
       2.75770179e-03, 1.86773145e-03, 0., 1.96296605e-03,
       2.29629644e-04, 2.81653064e-03, 1.87482615e-03, 1.96760125e-03,
       2.29629644e-04, 2.29629644e-04, 1.88279827e-03, 1.95861515e-03,
       2.29629644e-04, 2.29629644e-04, 6.88889006e-04, 0., 0.,
       2.29629644e-04, 6.88889006e-04, 6.88889006e-04, 0.,
       2.29629644e-04, 6.88889006e-04 ]
