%YAML:1.0
mat: !!opencv-matrix
   rows: 10
   cols: 10
   dt: f
   data: [ 6.89823239e-04, 3.44711385e-04, 0., 0., 0., 0., 0., 0., 0.,
       3.44711385e-04, 3.44711414e-04, 1.23756693e-03, 1.06568146e-03,
       5.56063955e-04, 0., 5.30599034e-04, 0., 1.60590035e-03,
       1.60476041e-03, 7.04922539e-04, 0., 1.05994218e-03,
       2.02106568e-03, 2.01382395e-03, 2.01479602e-03, 1.92038005e-03,
       1.93752674e-03, 2.08735280e-03, 2.08624755e-03, 1.03455584e-03,
       0., 5.27065829e-04, 2.00980995e-03, 2.74101109e-03,
       4.07508202e-03, 1.66516483e-03, 2.98205880e-03, 1.79268059e-03,
       1.81925576e-03, 1.28769677e-03, 0., 0., 2.01834668e-03,
       4.00130311e-03, 8.16153735e-03, 0., 4.11246996e-03,
       2.01377482e-03, 2.05504522e-03, 2.05479842e-03, 0.,
       5.26871765e-04, 1.95124862e-03, 1.68410060e-03, 0.,
       4.45784070e-03, 2.79190857e-03, 7.88530335e-04, 7.94683699e-04,
       2.63449852e-04, 0., 0., 1.96679728e-03, 2.95167789e-03,
       4.12768964e-03, 2.78925570e-03, 3.93747492e-03, 1.01504021e-03,
       1.04097964e-03, 1.04081968e-03, 0., 1.59255625e-03,
       2.08744826e-03, 1.81264454e-03, 2.01023254e-03, 7.87778641e-04,
       1.00746204e-03, 2.86629214e-03, 2.88523780e-03, 1.29990303e-03,
       0., 1.58955972e-03, 2.08639400e-03, 1.82618329e-03,
       2.06365320e-03, 7.80499366e-04, 1.04165357e-03, 2.88103241e-03,
       2.88820267e-03, 1.31518370e-03, 3.44711414e-04, 7.04808743e-04,
       1.04158814e-03, 1.28575973e-03, 2.06490257e-03, 2.65256618e-04,
       1.04227848e-03, 1.31057703e-03, 1.32290984e-03, 9.59203753e-04 ]
