%YAML:1.0
mat: !!opencv-matrix
   rows: 10
   cols: 10
   dt: f
   data: [ 1.16348511e-03, 2.03875802e-03, 6.97357696e-04,
       3.57991608e-04, 1.96370715e-03, 1.96225150e-03, 1.65253552e-03,
       3.57771321e-04, 6.99645665e-04, 8.94428231e-05, 2.03666277e-03,
       7.96960015e-03, 2.03940528e-03, 0., 4.07621684e-03,
       4.05640760e-03, 6.11547520e-03, 0., 2.03729840e-03, 0.,
       6.91390422e-04, 2.01237132e-03, 9.49163164e-04, 3.44885048e-04,
       1.02040276e-03, 1.01301575e-03, 1.62595091e-03, 3.44444474e-04,
       9.54364368e-04, 8.85067042e-04, 3.58211837e-04, 0.,
       3.44885018e-04, 6.90651126e-04, 0., 0., 1.72205560e-04,
       6.89770037e-04, 3.44885018e-04, 1.72442509e-04, 1.95283827e-03,
       4.04757587e-03, 1.02298311e-03, 0., 3.89734679e-03,
       3.90262203e-03, 3.10351956e-03, 0., 1.03354722e-03, 0.,
       1.96563709e-03, 4.10558563e-03, 1.03596249e-03, 0.,
       3.92425479e-03, 3.93352937e-03, 3.14092916e-03, 0.,
       1.04624173e-03, 0., 1.64922187e-03, 6.11477764e-03,
       1.64123159e-03, 1.72205560e-04, 3.10838595e-03, 3.10054561e-03,
       4.73193219e-03, 1.72229877e-04, 1.64749718e-03, 4.30574728e-05,
       3.57771234e-04, 0., 3.44444474e-04, 6.89770037e-04, 0., 0.,
       1.72229877e-04, 6.88888947e-04, 3.44444474e-04, 1.72222237e-04,
       6.99205382e-04, 2.03841459e-03, 9.55500116e-04, 3.44885048e-04,
       1.03621371e-03, 1.03385549e-03, 1.64939568e-03, 3.44444474e-04,
       9.55206458e-04, 8.80361302e-04, 8.94428085e-05, 0.,
       8.85521178e-04, 1.72442524e-04, 0., 0., 4.30574728e-05,
       1.72222237e-04, 8.94248486e-04, 2.44026794e-03 ]
