%YAML:1.0
mat: !!opencv-matrix
   rows: 10
   cols: 10
   dt: f
   data: [ 6.89996465e-04, 0., 0., 0., 0., 3.44760978e-04, 0., 0.,
       1.72380460e-04, 1.72380460e-04, 0., 2.64070113e-03,
       2.03664624e-03, 2.08347733e-03, 1.05900283e-03, 5.33241255e-04,
       1.72305480e-03, 2.45658797e-03, 1.05312199e-03, 1.05312967e-03,
       0., 2.04356690e-03, 8.00798275e-03, 8.17823969e-03, 0., 0., 0.,
       6.03500940e-03, 2.04327959e-03, 2.04347074e-03, 0.,
       2.08255253e-03, 8.14965926e-03, 8.33749119e-03, 0., 0., 0.,
       6.09878032e-03, 2.08202470e-03, 2.08237674e-03, 0.,
       1.07145926e-03, 0., 0., 4.25870903e-03, 2.14412203e-03,
       3.21618351e-03, 0., 2.14291783e-03, 2.14267662e-03,
       3.44760891e-04, 5.32923907e-04, 0., 0., 2.11846060e-03,
       1.23885623e-03, 1.59995107e-03, 0., 1.15194253e-03,
       1.15178165e-03, 0., 1.71687664e-03, 0., 0., 3.17780697e-03,
       1.59998995e-03, 2.85554398e-03, 4.62146651e-04, 1.59878575e-03,
       1.59854454e-03, 0., 2.45776866e-03, 6.01069210e-03,
       6.08149217e-03, 0., 0., 4.67714708e-04, 4.99061309e-03,
       1.51999982e-03, 1.52005546e-03, 1.72380460e-04, 1.05353061e-03,
       2.03739619e-03, 2.08453252e-03, 2.11803243e-03, 1.15260261e-03,
       1.59973721e-03, 1.52481452e-03, 1.62929005e-03, 1.62921753e-03,
       1.72380460e-04, 1.05362083e-03, 2.03731819e-03, 2.08441541e-03,
       2.11874861e-03, 1.15284126e-03, 1.60009519e-03, 1.52472651e-03,
       1.62949925e-03, 1.62942673e-03 ]
