%YAML:1.0
mat: !!opencv-matrix
   rows: 10
   cols: 10
   dt: f
   data: [ 7.79535912e-04, 4.71604988e-04, 1.53086425e-04, 0., 0., 0.,
       0., 4.69436200e-04, 4.79653623e-04, 0., 4.71605017e-04,
       7.25925958e-04, 2.35802465e-04, 0., 0., 0., 0., 0., 0., 0.,
       1.53086425e-04, 2.35802465e-04, 1.79022748e-03, 2.70556915e-03,
       2.66043353e-03, 2.72287219e-03, 2.67885230e-03, 1.82380271e-03,
       1.81487296e-03, 2.66341516e-03, 0., 0., 2.68175662e-03,
       8.07881728e-03, 8.05122964e-03, 8.11046176e-03, 8.06690846e-03,
       5.40244393e-03, 5.41520258e-03, 8.03907495e-03, 0., 0.,
       2.68460810e-03, 8.16173665e-03, 8.03487375e-03, 8.19563959e-03,
       8.07119254e-03, 5.49764931e-03, 5.45727089e-03, 8.04253481e-03,
       0., 0., 2.68609403e-03, 8.08441360e-03, 8.04802030e-03,
       8.11922271e-03, 8.08775797e-03, 5.40737482e-03, 5.42098284e-03,
       8.04862007e-03, 0., 0., 2.66409595e-03, 8.11013579e-03,
       7.97334686e-03, 8.15567467e-03, 8.02272093e-03, 5.46957972e-03,
       5.43445675e-03, 7.97921978e-03, 4.74944245e-04, 0.,
       1.80962519e-03, 5.41107915e-03, 5.44343097e-03, 5.42551326e-03,
       5.44337975e-03, 4.06527892e-03, 4.09495411e-03, 5.42700570e-03,
       4.70713712e-04, 0., 1.79073098e-03, 5.40246489e-03,
       5.35418885e-03, 5.43009769e-03, 5.39695611e-03, 4.08488465e-03,
       4.09205677e-03, 5.36342058e-03, 0., 0., 2.66508595e-03,
       8.11214000e-03, 7.97494128e-03, 8.16074945e-03, 8.02685227e-03,
       5.46952570e-03, 5.43759763e-03, 7.98218977e-03 ]
