%YAML:1.0
mat: !!opencv-matrix
   rows: 10
   cols: 10
   dt: f
   data: [ 6.89496403e-04, 0., 1.86107718e-04, 0., 0., 0., 0., 0., 0.,
       5.16927044e-04, 0., 2.04386190e-03, 1.49623991e-03,
       1.93279190e-03, 1.98247912e-03, 2.09067133e-03, 2.04637274e-03,
       2.06467882e-03, 2.09220964e-03, 5.29765734e-04, 1.86107689e-04,
       1.50341971e-03, 2.55475426e-03, 2.45097838e-03, 3.01629747e-03,
       4.16170945e-03, 3.58872674e-03, 3.10720108e-03, 2.06475402e-03,
       1.39583324e-04, 0., 1.92279508e-03, 2.43023573e-03,
       4.74386057e-03, 3.82662402e-03, 2.02238699e-03, 2.95101875e-03,
       1.51571236e-03, 1.01993035e-03, 0., 0., 1.98230031e-03,
       3.00317886e-03, 3.85626429e-03, 3.95556865e-03, 4.18920256e-03,
       4.08901786e-03, 3.12849181e-03, 2.09057215e-03, 0., 0.,
       2.04431685e-03, 4.05281503e-03, 2.02496885e-03, 4.11690772e-03,
       8.16078670e-03, 6.17551850e-03, 6.10384624e-03, 4.08869656e-03,
       0., 0., 2.02361867e-03, 3.52990511e-03, 2.96243303e-03,
       4.06130077e-03, 6.23794971e-03, 5.17128082e-03, 4.65654768e-03,
       3.10527859e-03, 0., 0., 2.06763577e-03, 3.05096316e-03,
       1.51826243e-03, 3.09421658e-03, 6.11870922e-03, 4.63604322e-03,
       4.84625762e-03, 3.59405368e-03, 2.69485638e-04, 0.,
       2.08550598e-03, 2.05062586e-03, 1.03780942e-03, 2.10039178e-03,
       4.18115687e-03, 3.15011712e-03, 3.62962647e-03, 3.11879860e-03,
       5.28409437e-04, 5.16926986e-04, 5.32611914e-04, 1.39583324e-04,
       0., 0., 0., 0., 2.49554199e-04, 5.35983418e-04, 6.53810508e-04 ]
