%YAML:1.0
mat: !!opencv-matrix
   rows: 10
   cols: 10
   dt: f
   data: [ 6.07451540e-04, 7.36105372e-04, 3.45767621e-04, 0.,
       1.17455005e-04, 0., 2.81569839e-04, 1.65795820e-04, 0.,
       5.60421729e-04, 7.26655126e-04, 1.63319567e-03, 1.02337601e-03,
       0., 5.95555539e-05, 0., 5.56104991e-04, 5.04004769e-04, 0.,
       1.12631219e-03, 3.41025530e-04, 1.03047525e-03, 2.30858149e-03,
       2.94277398e-03, 1.55352068e-03, 2.57785036e-03, 1.57754752e-03,
       2.99374480e-03, 3.29251937e-03, 1.34041277e-03, 0., 0.,
       2.93050637e-03, 5.54249529e-03, 2.22115126e-03, 4.52869153e-03,
       1.90369086e-03, 5.28604910e-03, 6.54650340e-03, 1.30906212e-03,
       1.17455005e-04, 5.95555539e-05, 1.55336247e-03, 2.21114582e-03,
       3.04015353e-03, 2.76130647e-03, 2.12483783e-03, 1.31612038e-03,
       1.61657936e-03, 3.77916469e-04, 0., 0., 2.57022912e-03,
       4.52408334e-03, 2.78085074e-03, 4.12741676e-03, 2.15964043e-03,
       3.95954121e-03, 4.88912128e-03, 9.75154282e-04, 2.85040296e-04,
       5.50109718e-04, 1.59042596e-03, 1.92361791e-03, 2.15048203e-03,
       2.18395446e-03, 1.71991892e-03, 1.50122866e-03, 1.62716000e-03,
       7.11716828e-04, 1.74161658e-04, 5.16951142e-04, 2.98038078e-03,
       5.28209377e-03, 1.30899984e-03, 3.96533171e-03, 1.46588765e-03,
       5.49933873e-03, 6.53943792e-03, 1.64484233e-03, 0., 0.,
       3.28683550e-03, 6.58802642e-03, 1.63040904e-03, 4.93695308e-03,
       1.62241154e-03, 6.60739420e-03, 8.16555787e-03, 1.62031758e-03,
       5.57435676e-04, 1.13509828e-03, 1.34309568e-03, 1.32290646e-03,
       3.82713886e-04, 9.90167726e-04, 7.09656277e-04, 1.65550271e-03,
       1.62540074e-03, 1.11117179e-03 ]
