%YAML:1.0
mat: !!opencv-matrix
   rows: 10
   cols: 10
   dt: f
   data: [ 6.53821742e-04, 5.16666740e-04, 2.66341289e-04, 0.,
       2.69881333e-04, 0., 0., 5.28995064e-04, 9.28322785e-04,
       5.16666740e-04, 5.16666740e-04, 6.88888947e-04, 0., 0., 0., 0.,
       0., 0., 1.72222237e-04, 6.88888947e-04, 2.66254705e-04, 0.,
       2.75137206e-03, 4.04233579e-03, 3.31741688e-03, 4.05126717e-03,
       4.04214999e-03, 2.53611151e-03, 7.98955094e-04, 0., 0., 0.,
       4.04979521e-03, 8.11597425e-03, 6.12794608e-03, 8.14194046e-03,
       8.11307039e-03, 4.00727941e-03, 0., 0., 2.64915958e-04, 0.,
       3.29966540e-03, 6.08015759e-03, 4.83480282e-03, 6.09612744e-03,
       6.07094867e-03, 3.55330808e-03, 7.94938882e-04, 0., 0., 0.,
       4.06287238e-03, 8.14848021e-03, 6.16052561e-03, 8.18353798e-03,
       8.14078748e-03, 4.00023954e-03, 0., 0., 0., 0., 4.03292896e-03,
       8.07214156e-03, 6.07397780e-03, 8.08413047e-03, 8.07331875e-03,
       4.02732706e-03, 0., 0., 5.31633617e-04, 0., 2.56910548e-03,
       4.07786202e-03, 3.61904013e-03, 4.08429652e-03, 4.08724509e-03,
       3.08560254e-03, 1.59509189e-03, 0., 9.27881745e-04,
       1.72222237e-04, 7.98773894e-04, 0., 8.09529796e-04, 0., 0.,
       1.58612116e-03, 2.43977411e-03, 1.72222237e-04, 5.16666740e-04,
       6.88888947e-04, 0., 0., 0., 0., 0., 0., 1.72222237e-04,
       6.88888947e-04 ]
