%YAML:1.0
mat: !!opencv-matrix
   rows: 10
   cols: 10
   dt: f
   data: [ 6.88889006e-04, 6.88890461e-04, 2.29629644e-04,
       2.29508762e-04, 4.59259318e-04, 6.88889006e-04, 2.29631303e-04,
       0., 6.88889006e-04, 6.88889006e-04, 6.88891276e-04,
       6.89044537e-04, 2.29630372e-04, 2.32883016e-04, 4.59260773e-04,
       6.88891276e-04, 2.29788624e-04, 0., 6.88891276e-04,
       6.88891276e-04, 2.29629644e-04, 2.29630372e-04, 1.95920351e-03,
       1.94166845e-03, 1.53086425e-04, 2.29629644e-04, 1.95266155e-03,
       0., 2.29629644e-04, 2.29629644e-04, 2.29448357e-04,
       2.32883001e-04, 1.92988850e-03, 1.90596818e-03, 1.52965571e-04,
       2.29448357e-04, 1.92790246e-03, 0., 2.29448357e-04,
       2.29448357e-04, 4.59259318e-04, 4.59260773e-04, 1.53086425e-04,
       1.52965571e-04, 1.23184209e-03, 4.59259318e-04, 1.53088098e-04,
       2.75118696e-03, 4.59259318e-04, 4.59259318e-04, 6.88889006e-04,
       6.88891159e-04, 2.29629644e-04, 2.29448371e-04, 4.59259318e-04,
       6.88889006e-04, 2.29632133e-04, 0., 6.88889006e-04,
       6.88889006e-04, 2.29632162e-04, 2.29788653e-04, 1.95370615e-03,
       1.93752372e-03, 1.53088098e-04, 2.29632162e-04, 1.94734230e-03,
       0., 2.29632162e-04, 2.29632162e-04, 0., 0., 0., 0.,
       2.76228855e-03, 0., 0., 8.20942782e-03, 0., 0., 6.88889006e-04,
       6.88891159e-04, 2.29629644e-04, 2.29448371e-04, 4.59259318e-04,
       6.88889006e-04, 2.29632133e-04, 0., 6.88889006e-04,
       6.88889006e-04, 6.88889006e-04, 6.88891159e-04, 2.29629644e-04,
       2.29448371e-04, 4.59259318e-04, 6.88889006e-04, 2.29632133e-04,
       0., 6.88889006e-04, 6.88889006e-04 ]
