%YAML:1.0
mat: !!opencv-matrix
   rows: 10
   cols: 10
   dt: f
   data: [ 6.89442270e-04, 6.89285167e-04, 4.59416566e-04, 0., 0.,
       7.05768936e-04, 0., 0., 2.29708283e-04, 6.89124921e-04,
       6.89285924e-04, 6.89050998e-04, 4.59260918e-04, 0., 0.,
       7.05207814e-04, 0., 0., 2.29630445e-04, 6.88891334e-04,
       4.59416566e-04, 4.59260889e-04, 7.79633760e-04, 1.42954441e-03,
       1.43929233e-03, 4.70949570e-04, 4.79289563e-04, 1.42837339e-03,
       1.10009569e-03, 4.59259318e-04, 0., 0., 1.40870351e-03,
       4.14650328e-03, 4.17597732e-03, 0., 1.39056880e-03,
       4.14322130e-03, 2.81767035e-03, 0., 0., 0., 1.41300680e-03,
       4.18737112e-03, 4.21684561e-03, 0., 1.40419160e-03,
       4.18408867e-03, 2.82627647e-03, 0., 7.05441344e-04,
       7.05207814e-04, 4.70949599e-04, 0., 0., 7.23959936e-04, 0., 0.,
       2.35474799e-04, 7.06424413e-04, 0., 0., 4.70794010e-04,
       1.39396195e-03, 1.40378659e-03, 0., 4.06460650e-03,
       1.39286788e-03, 9.41675680e-04, 0., 0., 0., 1.40798907e-03,
       4.14195657e-03, 4.17143060e-03, 0., 1.38905330e-03,
       4.13867459e-03, 2.81624077e-03, 0., 2.29708283e-04,
       2.29630445e-04, 1.09989650e-03, 2.85859965e-03, 2.87809479e-03,
       2.35474785e-04, 9.58416029e-04, 2.85625737e-03, 1.97033864e-03,
       2.29629644e-04, 6.89124863e-04, 6.88891334e-04, 4.59259318e-04,
       0., 0., 7.06424413e-04, 0., 0., 2.29629644e-04, 6.88889006e-04 ]
