%YAML:1.0
mat: !!opencv-matrix
   rows: 10
   cols: 10
   dt: f
   data: [ 6.90405257e-04, 3.44877713e-04, 0., 1.72220534e-04,
       3.44877713e-04, 0., 0., 5.17316570e-04, 3.44451371e-04, 0.,
       3.44877684e-04, 2.25478015e-03, 3.04229604e-03, 1.12305104e-03,
       1.72222237e-04, 1.01702975e-03, 0., 1.30046706e-03,
       2.22832547e-03, 1.04088336e-03, 0., 3.06021422e-03,
       5.02122333e-03, 1.51516078e-03, 0., 2.90449173e-03,
       1.85896805e-03, 1.53011351e-03, 3.04826675e-03, 2.92330491e-03,
       1.72219981e-04, 1.11178099e-03, 1.49267120e-03, 1.61954470e-03,
       1.15198095e-03, 5.01783448e-04, 0., 6.42427942e-04,
       1.09881081e-03, 5.12637722e-04, 3.44877684e-04, 1.72222237e-04,
       0., 1.15187094e-03, 1.23798335e-03, 0., 0., 2.58333370e-04,
       1.72226835e-04, 0., 0., 1.00733468e-03, 2.88056931e-03,
       5.00361144e-04, 0., 4.67861444e-03, 5.61051816e-03,
       5.03669376e-04, 1.00517704e-03, 4.70717717e-03, 0., 0.,
       1.82884734e-03, 0., 0., 5.61645487e-03, 7.54025858e-03, 0., 0.,
       5.64896734e-03, 5.17316570e-04, 1.29897008e-03, 1.52010890e-03,
       6.47483161e-04, 2.58333370e-04, 5.08414989e-04, 0.,
       9.08246031e-04, 1.28577079e-03, 5.20120724e-04, 3.44453700e-04,
       2.24016700e-03, 3.03838938e-03, 1.11590396e-03, 1.72226835e-04,
       1.01382809e-03, 0., 1.29299948e-03, 2.21425365e-03,
       1.03363604e-03, 0., 1.04133214e-03, 2.89372052e-03,
       5.18434041e-04, 0., 4.72294679e-03, 5.65800071e-03,
       5.21093549e-04, 1.02812564e-03, 4.75930003e-03 ]
