%YAML:1.0
mat: !!opencv-matrix
   rows: 10
   cols: 10
   dt: f
   data: [ 9.35358740e-03, 0., 4.62615257e-03, 9.32947733e-03, 0.,
       8.39539338e-03, 0., 0., 0., 0., 0., 9.12104361e-03,
       4.13651811e-03, 0., 9.11940075e-03, 0., 0., 0., 0., 0.,
       3.96152306e-03, 4.15067840e-03, 3.79496440e-03, 4.03265934e-03,
       4.35616216e-03, 4.36200108e-03, 0., 0., 0., 0., 8.46928358e-03,
       0., 4.59905574e-03, 7.58500583e-03, 0., 8.70838203e-03, 0., 0.,
       0., 0., 0., 9.51502100e-03, 4.22894722e-03, 0., 6.94807339e-03,
       0., 0., 0., 0., 0., 8.35427456e-03, 0., 4.33603954e-03,
       8.65336694e-03, 0., 7.39608053e-03, 0., 0., 0., 0., 0., 0., 0.,
       0., 0., 0., 6.15824480e-03, 5.83103485e-03, 9.30709392e-03,
       4.36616410e-03, 0., 0., 0., 0., 0., 0., 7.08655454e-03,
       4.93340893e-03, 6.80671260e-03, 4.34366520e-03, 0., 0., 0., 0.,
       0., 0., 9.24932770e-03, 6.75603049e-03, 6.10444974e-03,
       2.15277774e-03, 0., 0., 0., 0., 0., 0., 4.63855732e-03,
       4.63123852e-03, 2.15315889e-03, 4.99999989e-03 ]
