%YAML:1.0
mat: !!opencv-matrix
   rows: 10
   cols: 10
   dt: f
   data: [ 0., 8.15980788e-03, 0., 9.58365574e-03, 9.54587571e-03, 0.,
       9.06967185e-03, 0., 9.59868729e-03, 9.54289827e-03,
       8.23495071e-03, 0., 0., 7.73766544e-03, 8.60813446e-03,
       9.16331075e-03, 0., 0., 7.75269698e-03, 8.61111097e-03, 0., 0.,
       0., 0., 0., 0., 0., 0., 0., 0., 8.38404894e-03, 9.85669903e-03,
       0., 0., 8.75723269e-03, 9.31240898e-03, 7.37277977e-03, 0., 0.,
       8.76021013e-03, 9.62383952e-03, 8.61690845e-03, 0.,
       9.12655424e-03, 8.63816310e-03, 9.44780093e-03, 8.61257035e-03,
       0., 9.14158579e-03, 0., 0., 9.49737150e-03, 0., 8.24609119e-03,
       9.11656022e-03, 5.69349341e-03, 7.73210730e-03, 0.,
       8.26112274e-03, 9.11953766e-03, 8.23495071e-03, 0., 0.,
       7.73766544e-03, 8.60813446e-03, 9.16331075e-03, 0., 0.,
       7.75269698e-03, 8.61111097e-03, 0., 0., 0., 0., 0., 0., 0., 0.,
       0., 0., 8.38418491e-03, 9.85656306e-03, 0., 0., 8.75736866e-03,
       9.31254495e-03, 7.37291574e-03, 0., 0., 8.76034517e-03,
       9.62383952e-03, 8.61690845e-03, 0., 9.12655424e-03, 0.,
       9.44780093e-03, 8.61257035e-03, 0., 9.14158579e-03,
       8.47742055e-03 ]
