%YAML:1.0
mat: !!opencv-matrix
   rows: 10
   cols: 10
   dt: f
   data: [ 3.10991192e-03, 8.62181373e-03, 3.09688342e-03,
       8.62179510e-03, 3.07071861e-03, 8.62173084e-03, 0., 0., 0.,
       8.62202421e-03, 8.79390817e-03, 3.23039968e-03, 8.74099880e-03,
       3.23041878e-03, 8.63572676e-03, 3.23040574e-03, 0., 0., 0.,
       3.22916661e-03, 3.09945038e-03, 8.57755356e-03, 3.08642210e-03,
       8.57753400e-03, 3.06025706e-03, 8.57746974e-03, 0., 0., 0.,
       8.57776403e-03, 8.79390817e-03, 3.23039968e-03, 8.74099880e-03,
       9.48041864e-03, 8.63572676e-03, 3.23040574e-03, 0., 0., 0.,
       3.22916661e-03, 3.07673705e-03, 8.48560594e-03, 3.06370901e-03,
       8.48558545e-03, 8.66254419e-03, 8.48552305e-03, 0., 0., 0.,
       8.48581549e-03, 8.79390817e-03, 3.23039968e-03, 8.74099880e-03,
       3.23041878e-03, 8.63572676e-03, 7.31039606e-03, 0., 0., 0.,
       3.22916661e-03, 0., 0., 0., 0., 0., 0., 3.70991696e-03, 0., 0.,
       0., 0., 0., 0., 0., 0., 0., 0., 8.11026804e-03, 0., 0., 0., 0.,
       0., 0., 0., 0., 0., 0., 0., 0., 8.79390817e-03, 3.23039968e-03,
       8.74099880e-03, 3.23041878e-03, 8.63572676e-03, 3.23040574e-03,
       0., 0., 0., 3.22916661e-03 ]
