%YAML:1.0
mat: !!opencv-matrix
   rows: 10
   cols: 10
   dt: f
   data: [ 3.33052874e-03, 9.17043630e-03, 3.42898164e-03,
       9.16946679e-03, 3.50665906e-03, 9.16946586e-03, 0., 0.,
       3.49804340e-03, 9.15072206e-03, 9.10291448e-03, 6.32990291e-03,
       9.32742842e-03, 3.22917080e-03, 9.17265192e-03, 3.22918757e-03,
       0., 0., 9.18777287e-03, 3.22916661e-03, 3.18421866e-03,
       9.10147931e-03, 8.14163871e-03, 9.10230540e-03, 3.36034899e-03,
       9.10234638e-03, 0., 0., 3.35173309e-03, 9.37792659e-03,
       9.10291448e-03, 3.22915032e-03, 9.32742842e-03, 8.59276764e-03,
       9.17265192e-03, 3.22918757e-03, 0., 0., 9.18777287e-03,
       3.22916661e-03, 3.07496754e-03, 8.66097771e-03, 3.17342044e-03,
       8.66180286e-03, 6.96101505e-03, 8.66184384e-03, 0., 0.,
       3.24248220e-03, 9.15767532e-03, 9.10291448e-03, 3.22915032e-03,
       9.32742842e-03, 3.22917080e-03, 9.17265192e-03, 5.94692305e-03,
       0., 0., 9.18777287e-03, 3.22916661e-03, 0., 0., 0., 0., 0., 0.,
       2.91666342e-03, 0., 0., 0., 0., 0., 0., 0., 0., 0., 0.,
       5.43738343e-03, 0., 0., 3.08091776e-03, 8.68693180e-03,
       3.17937066e-03, 8.68775696e-03, 3.25704808e-03, 8.68779700e-03,
       0., 0., 7.66222738e-03, 9.17065144e-03, 9.10291448e-03,
       3.22915032e-03, 9.32742842e-03, 3.22917080e-03, 9.17265192e-03,
       3.22918757e-03, 0., 0., 9.18777287e-03, 6.03201706e-03 ]
