%YAML:1.0
mat: !!opencv-matrix
   rows: 10
   cols: 10
   dt: f
   data: [ 9.30555537e-03, 0., 2.15277774e-03, 2.15277774e-03, 0.,
       4.30555549e-03, 0., 2.15277774e-03, 2.15277774e-03, 0., 0., 0.,
       0., 0., 0., 0., 0., 0., 0., 0., 2.15180824e-03, 0.,
       1.17046421e-03, 2.15277774e-03, 0., 2.15245271e-03, 0., 0.,
       2.15277774e-03, 0., 2.15371698e-03, 0., 2.15340406e-03,
       1.64885202e-03, 0., 2.15308811e-03, 0., 2.15277774e-03, 0., 0.,
       0., 0., 0., 0., 0., 0., 0., 0., 0., 0., 4.30552522e-03, 0.,
       2.15340406e-03, 2.15277774e-03, 0., 8.21028743e-03, 0.,
       2.15277774e-03, 2.15277774e-03, 0., 0., 0., 0., 0., 0., 0., 0.,
       0., 0., 0., 2.15180824e-03, 0., 0., 2.15277774e-03, 0.,
       2.15245271e-03, 0., 1.04555755e-03, 2.15277774e-03, 0.,
       2.15371698e-03, 0., 2.15340406e-03, 0., 0., 2.15308811e-03, 0.,
       2.15277774e-03, 1.20356993e-03, 0., 0., 0., 0., 0., 0., 0., 0.,
       0., 0., 0. ]
