%YAML:1.0
mat: !!opencv-matrix
   rows: 10
   cols: 10
   dt: f
   data: [ 3.34743550e-03, 9.13780741e-03, 3.38162598e-03,
       9.16333310e-03, 3.48106516e-03, 9.16435383e-03, 3.55050340e-03,
       0., 3.53721227e-03, 9.13804118e-03, 9.10938997e-03,
       7.67124444e-03, 9.24467109e-03, 3.22915684e-03, 9.29259416e-03,
       3.22915567e-03, 9.15613491e-03, 0., 9.18458961e-03,
       3.22916661e-03, 3.30492388e-03, 9.31111537e-03, 8.58109817e-03,
       9.25068464e-03, 3.43855354e-03, 9.25170630e-03, 3.50799179e-03,
       0., 3.49470088e-03, 9.31134820e-03, 9.10938997e-03,
       3.22977104e-03, 9.24467109e-03, 7.01477937e-03, 9.29259416e-03,
       3.22915567e-03, 9.15613491e-03, 0., 9.18458961e-03,
       3.22916661e-03, 3.15395836e-03, 9.29102208e-03, 3.18814907e-03,
       8.92516691e-03, 8.05613771e-03, 8.92434642e-03, 3.35702649e-03,
       0., 3.34373536e-03, 9.28938482e-03, 9.10938997e-03,
       3.22977104e-03, 9.24467109e-03, 3.22915684e-03, 9.29259416e-03,
       7.05419574e-03, 9.15613491e-03, 0., 9.18458961e-03,
       3.22916661e-03, 3.07623553e-03, 9.13697295e-03, 3.11042601e-03,
       8.61706771e-03, 3.20986519e-03, 8.61624815e-03, 6.48189336e-03,
       0., 3.26601230e-03, 9.13533568e-03, 0., 0., 0., 0., 0., 0., 0.,
       5.96349174e-03, 0., 0., 3.08621954e-03, 9.15560871e-03,
       3.12040979e-03, 8.65433924e-03, 3.21984896e-03, 8.65351968e-03,
       3.28928744e-03, 0., 5.74256061e-03, 9.15397145e-03,
       9.10938997e-03, 3.22977104e-03, 9.24467109e-03, 3.22915684e-03,
       9.29259416e-03, 3.22915567e-03, 9.15613491e-03, 0.,
       9.18458961e-03, 5.49531914e-03 ]
