%YAML:1.0
mat: !!opencv-matrix
   rows: 10
   cols: 10
   dt: f
   data: [ 0., 0., 0., 0., 0., 0., 0., 0., 0., 0., 0., 8.19726288e-03,
       0., 0., 0., 0., 0., 0., 0., 0., 0., 0., 0., 0., 0., 0., 0., 0.,
       0., 0., 0., 0., 0., 9.47973784e-03, 8.63024220e-03,
       3.22916661e-03, 9.13501531e-03, 3.22916661e-03, 9.14174039e-03,
       3.22916661e-03, 0., 0., 0., 8.47725756e-03, 3.03033274e-03,
       8.47741682e-03, 3.49978427e-03, 8.47741682e-03, 3.50349280e-03,
       8.47741682e-03, 0., 0., 0., 3.22973798e-03, 8.63024220e-03,
       8.67863279e-03, 9.13501531e-03, 3.22916661e-03, 9.14174039e-03,
       3.22916661e-03, 0., 0., 0., 9.00834892e-03, 3.00315628e-03,
       9.00685042e-03, 3.47437407e-03, 9.00685042e-03, 3.47766606e-03,
       9.00685042e-03, 0., 0., 0., 3.22973798e-03, 8.63024220e-03,
       3.22916661e-03, 9.13501531e-03, 8.22540373e-03, 9.14174039e-03,
       3.22916661e-03, 0., 0., 0., 9.01581440e-03, 3.00720241e-03,
       9.01431683e-03, 3.47747956e-03, 9.01431683e-03, 3.48077202e-03,
       9.01431683e-03, 0., 0., 0., 3.22973798e-03, 8.63024220e-03,
       3.22916661e-03, 9.13501531e-03, 3.22916661e-03, 9.14174039e-03,
       8.56253039e-03 ]
