%YAML:1.0
mat: !!opencv-matrix
   rows: 10
   cols: 10
   dt: f
   data: [ 0., 0., 0., 0., 0., 0., 0., 0., 0., 0., 0., 8.20891839e-03,
       8.67857318e-03, 3.23030818e-03, 8.59329570e-03, 3.23088770e-03,
       9.13782045e-03, 3.22916592e-03, 0., 3.22916661e-03, 0.,
       8.51563457e-03, 3.04772914e-03, 8.51563457e-03, 3.02657834e-03,
       8.51541944e-03, 3.50509980e-03, 8.85235891e-03, 0.,
       8.51599220e-03, 0., 3.23030818e-03, 8.67857318e-03,
       9.03710630e-03, 8.59329570e-03, 3.23088770e-03, 9.13782045e-03,
       3.22916592e-03, 0., 3.22916661e-03, 0., 8.98693781e-03,
       3.00709344e-03, 8.98693781e-03, 2.98568979e-03, 8.98850150e-03,
       3.46331950e-03, 8.31428729e-03, 0., 8.98391195e-03, 0.,
       3.23030818e-03, 8.67857318e-03, 3.23030818e-03, 8.59329570e-03,
       7.09409360e-03, 9.13782045e-03, 3.22916592e-03, 0.,
       3.22916661e-03, 0., 9.01068188e-03, 3.01896548e-03,
       9.01068188e-03, 2.99756136e-03, 9.01224464e-03, 3.47519130e-03,
       8.36177543e-03, 0., 9.00765602e-03, 0., 3.23030818e-03,
       8.67857318e-03, 3.23030818e-03, 8.59329570e-03, 3.23088770e-03,
       9.13782045e-03, 9.47916508e-03, 0., 3.22916661e-03, 0., 0., 0.,
       0., 0., 0., 0., 0., 0., 0., 0., 3.23030818e-03, 8.67857318e-03,
       3.23030818e-03, 8.59329570e-03, 3.23088770e-03, 9.13782045e-03,
       3.22916592e-03, 0., 7.56868115e-03 ]
