%YAML:1.0
mat: !!opencv-matrix
   rows: 10
   cols: 10
   dt: f
   data: [ 9.30555537e-03, 0., 2.15277774e-03, 2.15277774e-03, 0.,
       4.30555549e-03, 0., 2.15277774e-03, 2.15277774e-03, 0., 0., 0.,
       0., 0., 0., 0., 0., 0., 0., 0., 2.15179101e-03, 0.,
       1.73871010e-03, 2.15343572e-03, 0., 2.15311069e-03, 0., 0.,
       2.15311162e-03, 0., 2.15375866e-03, 0., 2.15311162e-03,
       1.58328551e-03, 0., 2.15310487e-03, 0., 2.15343363e-03, 0., 0.,
       0., 0., 0., 0., 0., 0., 0., 0., 0., 0., 4.30554990e-03, 0.,
       2.15311162e-03, 2.15343572e-03, 0., 7.66233355e-03, 0.,
       2.15343363e-03, 2.15311162e-03, 0., 0., 0., 0., 0., 0., 0., 0.,
       0., 0., 0., 2.15179101e-03, 0., 0., 2.15343572e-03, 0.,
       2.15311069e-03, 0., 1.50739937e-03, 2.15311162e-03, 0.,
       2.15375866e-03, 0., 2.15311162e-03, 0., 0., 2.15310487e-03, 0.,
       2.15343363e-03, 1.64885202e-03, 0., 0., 0., 0., 0., 0., 0., 0.,
       0., 0., 0. ]
