%YAML:1.0
mat: !!opencv-matrix
   rows: 10
   cols: 10
   dt: f
   data: [ 3.47378850e-03, 9.36132111e-03, 3.18796141e-03,
       9.36283916e-03, 3.65837570e-03, 9.36133415e-03, 3.66135337e-03,
       0., 3.65968910e-03, 9.35507752e-03, 9.57245193e-03,
       9.48149711e-03, 8.64048116e-03, 3.23208002e-03, 9.15143266e-03,
       3.23149003e-03, 9.15739872e-03, 0., 9.15409438e-03,
       3.22916661e-03, 3.30181420e-03, 8.47366359e-03, 8.25795624e-03,
       8.47351272e-03, 3.49183055e-03, 8.47362727e-03, 3.49483732e-03,
       0., 3.49324755e-03, 8.47447477e-03, 9.57245193e-03,
       3.23149748e-03, 8.64048116e-03, 7.64312828e-03, 9.15143266e-03,
       3.23149003e-03, 9.15739872e-03, 0., 9.15409438e-03,
       3.22916661e-03, 3.29899136e-03, 9.01447888e-03, 3.01316427e-03,
       9.01599787e-03, 9.11270641e-03, 9.01449099e-03, 3.49068432e-03,
       0., 3.48902005e-03, 9.00823530e-03, 9.57245193e-03,
       3.23149748e-03, 8.64048116e-03, 3.23208002e-03, 9.15143266e-03,
       7.45876506e-03, 9.15739872e-03, 0., 9.15409438e-03,
       3.22916661e-03, 3.30387335e-03, 9.02193226e-03, 3.01804626e-03,
       9.02345125e-03, 3.48912296e-03, 9.02194530e-03, 7.96805043e-03,
       0., 3.49043659e-03, 9.01568960e-03, 0., 0., 0., 0., 0., 0., 0.,
       9.09844972e-03, 0., 0., 3.30324890e-03, 9.01941117e-03,
       3.01742158e-03, 9.02093016e-03, 3.48659093e-03, 9.01942421e-03,
       3.48956836e-03, 0., 7.53368624e-03, 9.01316851e-03,
       9.57245193e-03, 3.23149748e-03, 8.64048116e-03, 3.23208002e-03,
       9.15143266e-03, 3.23149003e-03, 9.15739872e-03, 0.,
       9.15409438e-03, 7.02576991e-03 ]
