%YAML:1.0
mat: !!opencv-matrix
   rows: 10
   cols: 10
   dt: f
   data: [ 9.50628519e-03, 0., 0., 0., 0., 0., 0., 0., 0., 0., 0.,
       4.05552890e-03, 0., 0., 0., 0., 0., 0., 0., 3.22916661e-03, 0.,
       0., 9.29758418e-03, 8.84901267e-03, 3.50338127e-03,
       8.50631949e-03, 3.51073896e-03, 8.50611832e-03, 3.51321255e-03,
       0., 0., 0., 8.66309553e-03, 7.38865603e-03, 9.12608299e-03,
       3.22972983e-03, 9.14050825e-03, 3.23030818e-03, 9.14492551e-03,
       0., 0., 0., 3.00857006e-03, 8.34807102e-03, 7.46545568e-03,
       9.00261477e-03, 3.47264134e-03, 9.00416262e-03, 3.47479666e-03,
       0., 0., 0., 8.66309553e-03, 3.22920806e-03, 9.12608299e-03,
       7.94441719e-03, 9.14050825e-03, 3.23030818e-03, 9.14492551e-03,
       0., 0., 0., 3.01429024e-03, 8.37302394e-03, 3.47273238e-03,
       9.01509076e-03, 6.53556315e-03, 9.01663862e-03, 3.48207192e-03,
       0., 0., 0., 8.66309553e-03, 3.22920806e-03, 9.12608299e-03,
       3.22972983e-03, 9.14050825e-03, 5.07776253e-03, 9.14492551e-03,
       0., 0., 0., 3.01683461e-03, 8.38237815e-03, 3.47465859e-03,
       9.01976787e-03, 3.48184234e-03, 9.02131572e-03, 3.48399766e-03,
       0., 0., 3.22919176e-03, 0., 0., 0., 0., 0., 0., 0.,
       3.92363686e-03 ]
