%YAML:1.0
mat: !!opencv-matrix
   rows: 10
   cols: 10
   dt: f
   data: [ 9.30555537e-03, 0., 2.15277774e-03, 2.15277774e-03, 0.,
       4.30555549e-03, 0., 2.15277774e-03, 2.15277774e-03, 0., 0., 0.,
       0., 0., 0., 0., 0., 0., 0., 0., 2.15310184e-03, 0., 0.,
       2.15345575e-03, 0., 2.15375004e-03, 0., 0., 2.15404457e-03, 0.,
       2.15310487e-03, 0., 2.15406669e-03, 1.13816315e-03, 0.,
       2.15371698e-03, 0., 2.15339707e-03, 0., 0., 0., 0., 0., 0., 0.,
       0., 0., 0., 0., 0., 4.30620648e-03, 0., 2.15406669e-03,
       2.15345575e-03, 0., 6.46700803e-03, 0., 2.15339707e-03,
       2.15404457e-03, 0., 0., 0., 0., 0., 0., 0., 0., 0., 0., 0.,
       2.15310184e-03, 0., 0., 2.15345575e-03, 0., 2.15375004e-03, 0.,
       1.96168665e-03, 2.15404457e-03, 0., 2.15310487e-03, 0.,
       2.15406669e-03, 0., 0., 2.15371698e-03, 0., 2.15339707e-03, 0.,
       0., 0., 0., 0., 0., 0., 0., 0., 0., 0., 0. ]
