%YAML:1.0
mat: !!opencv-matrix
   rows: 10
   cols: 10
   dt: f
   data: [ 3.38613987e-03, 0., 3.41344881e-03, 9.13037732e-03,
       3.48770246e-03, 9.13021341e-03, 3.51164979e-03, 9.13058128e-03,
       0., 9.13076196e-03, 0., 8.05149786e-03, 0., 0., 0., 0., 0., 0.,
       0., 0., 3.35589750e-03, 0., 8.24217312e-03, 9.25208908e-03,
       3.45745962e-03, 9.25192516e-03, 3.48140718e-03, 9.25229490e-03,
       0., 9.25247371e-03, 9.15089715e-03, 0., 9.25710052e-03,
       7.87007716e-03, 9.41994786e-03, 3.23079992e-03, 9.37786046e-03,
       3.22971563e-03, 0., 3.22916661e-03, 3.24635720e-03, 0.,
       3.27366637e-03, 9.40487906e-03, 6.64312067e-03, 9.40635055e-03,
       3.37186712e-03, 9.40345321e-03, 0., 9.40199103e-03,
       9.15089715e-03, 0., 9.25710052e-03, 3.23024159e-03,
       9.41994786e-03, 4.86558862e-03, 9.37786046e-03, 3.22971563e-03,
       0., 3.22916661e-03, 3.18515021e-03, 0., 3.21245892e-03,
       9.28073749e-03, 3.28671257e-03, 9.28220898e-03, 5.46729751e-03,
       9.27931163e-03, 0., 9.27785039e-03, 9.15089715e-03, 0.,
       9.25710052e-03, 3.23024159e-03, 9.41994786e-03, 3.23079992e-03,
       9.37786046e-03, 3.67924687e-03, 0., 3.22916661e-03, 0., 0., 0.,
       0., 0., 0., 0., 0., 1.77573063e-03, 0., 9.15089715e-03, 0.,
       9.25710052e-03, 3.23024159e-03, 9.41994786e-03, 3.23079992e-03,
       9.37786046e-03, 3.22971563e-03, 0., 4.32972144e-03 ]
