%YAML:1.0
mat: !!opencv-matrix
   rows: 10
   cols: 10
   dt: f
   data: [ 3.41789704e-03, 9.16938670e-03, 3.44755594e-03,
       9.16660205e-03, 3.51768779e-03, 9.14299209e-03, 0., 0., 0.,
       9.14299209e-03, 9.20237787e-03, 4.09403536e-03, 9.31683183e-03,
       3.22915078e-03, 9.46111046e-03, 3.22916661e-03, 0., 0., 0.,
       3.22916661e-03, 3.38376407e-03, 9.23711620e-03, 3.41342296e-03,
       9.23433155e-03, 3.48355458e-03, 9.27877240e-03, 0., 0., 0.,
       9.27877240e-03, 9.20237787e-03, 3.22909281e-03, 9.31683183e-03,
       8.09247699e-03, 9.46111046e-03, 3.22916661e-03, 0., 0., 0.,
       3.22916661e-03, 3.27895675e-03, 9.13923420e-03, 3.30861588e-03,
       9.14160069e-03, 7.85469729e-03, 9.39757936e-03, 0., 0., 0.,
       9.39757936e-03, 9.20237787e-03, 3.22909281e-03, 9.31683183e-03,
       3.22915078e-03, 9.46111046e-03, 8.44724663e-03, 0., 0., 0.,
       3.22916661e-03, 0., 0., 0., 0., 0., 0., 3.29520088e-03, 0., 0.,
       0., 0., 0., 0., 0., 0., 0., 0., 8.45778361e-03, 0., 0., 0., 0.,
       0., 0., 0., 0., 0., 0., 2.15663714e-03, 0., 9.20237787e-03,
       3.22909281e-03, 9.31683183e-03, 3.22915078e-03, 9.46111046e-03,
       3.22916661e-03, 0., 0., 0., 3.71958828e-03 ]
