%YAML:1.0
mat: !!opencv-matrix
   rows: 10
   cols: 10
   dt: f
   data: [ 9.30555537e-03, 0., 0., 0., 0., 0., 0., 0., 0., 0., 0.,
       8.99318047e-03, 8.55223089e-03, 8.80653597e-03, 0.,
       8.49747844e-03, 8.46093893e-03, 3.90150119e-03, 0., 0., 0.,
       7.93291442e-03, 7.54231121e-03, 9.30706970e-03, 0.,
       6.80669956e-03, 9.40439478e-03, 2.46010674e-03, 0., 0., 0.,
       8.83522443e-03, 9.25387256e-03, 8.67332518e-03, 0.,
       6.80671539e-03, 9.07157734e-03, 4.63644881e-03, 0., 0., 0., 0.,
       0., 0., 8.35009199e-03, 0., 0., 0., 8.71936232e-03, 0., 0.,
       8.54757242e-03, 6.75309729e-03, 6.80631259e-03, 0.,
       8.22969712e-03, 9.30555537e-03, 2.15277774e-03, 0., 0., 0.,
       8.42784997e-03, 9.25387349e-03, 9.08863544e-03, 0.,
       9.30709112e-03, 9.02513787e-03, 4.71263938e-03, 0., 0., 0.,
       3.92656401e-03, 2.12616101e-03, 4.64073289e-03, 0.,
       2.15315376e-03, 4.67103161e-03, 3.28921364e-03, 0., 0., 0., 0.,
       0., 0., 8.72760732e-03, 0., 0., 0., 9.09665786e-03, 0., 0., 0.,
       0., 0., 0., 0., 0., 0., 0., 2.32977048e-03 ]
