%YAML:1.0
mat: !!opencv-matrix
   rows: 10
   cols: 10
   dt: f
   data: [ 9.30555537e-03, 0., 2.15277774e-03, 2.15277774e-03, 0.,
       4.30555549e-03, 0., 2.15277774e-03, 2.15277774e-03, 0., 0., 0.,
       0., 0., 0., 0., 0., 0., 0., 0., 2.15277774e-03, 0.,
       1.96168665e-03, 2.15245364e-03, 0., 2.15245457e-03, 0., 0.,
       2.15212000e-03, 0., 2.15277774e-03, 0., 2.15311791e-03,
       2.25925888e-03, 0., 2.15312093e-03, 0., 2.15277774e-03, 0., 0.,
       0., 0., 0., 0., 0., 0., 0., 0., 0., 0., 4.30555549e-03, 0.,
       2.15311791e-03, 2.15245364e-03, 0., 8.38661753e-03, 0.,
       2.15277774e-03, 2.15212000e-03, 0., 0., 0., 0., 0., 0., 0., 0.,
       0., 0., 0., 2.15277774e-03, 0., 0., 2.15245364e-03, 0.,
       2.15245457e-03, 0., 2.15954077e-03, 2.15212000e-03, 0.,
       2.15277774e-03, 0., 2.15311791e-03, 0., 0., 2.15312093e-03, 0.,
       2.15277774e-03, 7.63991906e-04, 0., 0., 0., 0., 0., 0., 0., 0.,
       0., 0., 0. ]
