%YAML:1.0
mat: !!opencv-matrix
   rows: 10
   cols: 10
   dt: f
   data: [ 3.34886368e-03, 9.12875775e-03, 3.40930838e-03,
       9.15870816e-03, 3.49208387e-03, 9.12917964e-03, 3.55746737e-03,
       0., 3.54157574e-03, 9.12917964e-03, 9.10329912e-03,
       7.80489109e-03, 9.34086833e-03, 3.22916359e-03, 9.28434823e-03,
       3.22916661e-03, 9.15601663e-03, 0., 9.18657891e-03,
       3.22916661e-03, 3.26783909e-03, 9.45507269e-03, 8.41161609e-03,
       9.32234060e-03, 3.41105927e-03, 9.45549365e-03, 3.47644277e-03,
       0., 3.46055115e-03, 9.45549365e-03, 9.10329912e-03,
       3.23034683e-03, 9.34086833e-03, 7.03302491e-03, 9.28434823e-03,
       3.22916661e-03, 9.15601663e-03, 0., 9.18657891e-03,
       3.22916661e-03, 3.13077751e-03, 9.24898684e-03, 3.19122220e-03,
       8.83806590e-03, 6.66564610e-03, 9.24581755e-03, 3.33938142e-03,
       0., 3.32348980e-03, 9.24581755e-03, 9.10329912e-03,
       3.23034683e-03, 9.34086833e-03, 3.22916359e-03, 9.28434823e-03,
       6.21758401e-03, 9.15601663e-03, 0., 9.18657891e-03,
       3.22916661e-03, 3.07301036e-03, 9.13235918e-03, 3.13345483e-03,
       8.60480871e-03, 3.21623054e-03, 9.12918895e-03, 5.63411880e-03,
       0., 3.26572265e-03, 9.12918895e-03, 0., 0., 0., 0., 0., 0., 0.,
       6.03579264e-03, 0., 0., 3.07918945e-03, 9.14646313e-03,
       3.13963415e-03, 8.63301754e-03, 3.22240964e-03, 9.14329290e-03,
       3.28779360e-03, 0., 5.62440604e-03, 9.14329290e-03,
       9.10329912e-03, 3.23034683e-03, 9.34086833e-03, 3.22916359e-03,
       9.28434823e-03, 3.22916661e-03, 9.15601663e-03, 0.,
       9.18657891e-03, 6.04807958e-03 ]
