%YAML:1.0
mat: !!opencv-matrix
   rows: 10
   cols: 10
   dt: f
   data: [ 0., 0., 0., 0., 0., 0., 0., 0., 0., 0., 0., 6.46162964e-03,
       0., 0., 0., 0., 0., 0., 0., 3.22916661e-03, 0., 0.,
       3.27392272e-03, 8.86690337e-03, 3.71249858e-03, 8.86881072e-03,
       3.72441835e-03, 8.86690430e-03, 3.72771919e-03, 0., 0., 0.,
       8.42685252e-03, 9.47917812e-03, 8.83935206e-03, 3.22919642e-03,
       8.86155292e-03, 3.22916661e-03, 8.86683911e-03, 0., 0., 0.,
       2.80860346e-03, 8.33260734e-03, 3.24719632e-03, 8.33112374e-03,
       3.25813284e-03, 8.33257847e-03, 3.26064462e-03, 0., 0., 0.,
       8.42685252e-03, 3.22917849e-03, 8.83935206e-03, 7.09974021e-03,
       8.86155292e-03, 3.22916661e-03, 8.86683911e-03, 0., 0., 0.,
       2.81763938e-03, 8.37180484e-03, 3.25852260e-03, 8.37032124e-03,
       3.26945959e-03, 8.37177597e-03, 3.27197136e-03, 0., 0., 0.,
       8.42685252e-03, 3.22917849e-03, 8.83935206e-03, 3.22919642e-03,
       8.86155292e-03, 8.62801913e-03, 8.86683911e-03, 0., 0., 0.,
       2.82078516e-03, 8.38312972e-03, 3.26072611e-03, 8.38164799e-03,
       3.27166286e-03, 8.38310085e-03, 3.27417441e-03, 0., 0.,
       3.22921178e-03, 0., 0., 0., 0., 0., 0., 0., 8.09249282e-03 ]
