%YAML:1.0
mat: !!opencv-matrix
   rows: 10
   cols: 10
   dt: f
   data: [ 0., 8.08215607e-03, 0., 8.40785541e-03, 9.46794730e-03, 0.,
       0., 0., 8.40728357e-03, 9.46948305e-03, 8.16211011e-03, 0., 0.,
       9.67273861e-03, 8.61264672e-03, 0., 0., 0., 9.67331044e-03,
       8.61111097e-03, 0., 0., 0., 0., 0., 0., 0., 0., 0., 0.,
       8.30873102e-03, 9.85493977e-03, 0., 0., 8.75926856e-03, 0., 0.,
       0., 0., 8.75773281e-03, 9.55099799e-03, 8.61267280e-03, 0.,
       8.93837214e-03, 8.07407219e-03, 0., 0., 0., 8.93780123e-03, 0.,
       0., 0., 0., 0., 0., 5.18517941e-03, 0., 0., 0., 0., 0., 0., 0.,
       0., 0., 0., 1.38698728e-03, 0., 0., 0., 0., 0., 0., 0., 0., 0.,
       0., 0., 0., 0., 8.30347557e-03, 9.86019615e-03, 0., 0.,
       8.75401217e-03, 0., 0., 0., 0., 8.75247736e-03, 9.55099799e-03,
       8.61267280e-03, 0., 8.93837214e-03, 0., 0., 0., 0.,
       8.93780123e-03, 9.31908190e-03 ]
