%YAML:1.0
mat: !!opencv-matrix
   rows: 10
   cols: 10
   dt: f
   data: [ 9.30555537e-03, 0., 0., 0., 0., 0., 0., 0., 0., 0., 0.,
       8.55850242e-03, 4.70307935e-03, 0., 0., 9.30711254e-03,
       8.89326073e-03, 0., 0., 0., 0., 3.98233067e-03, 4.57785465e-03,
       4.43985220e-03, 4.56110155e-03, 2.15317123e-03, 4.67109308e-03,
       0., 4.68588993e-03, 0., 0., 0., 4.67106048e-03, 8.65084212e-03,
       9.12220217e-03, 0., 0., 0., 4.59116511e-03, 0., 0., 0.,
       4.14019544e-03, 8.84867646e-03, 8.88410676e-03, 0., 0., 0.,
       9.36249457e-03, 0., 0., 8.61305371e-03, 2.15277774e-03, 0., 0.,
       7.94449728e-03, 9.30555537e-03, 0., 0., 0., 0., 8.53503868e-03,
       4.71481122e-03, 0., 0., 9.30711254e-03, 9.03436728e-03, 0., 0.,
       0., 0., 0., 0., 0., 0., 0., 0., 2.49999994e-03, 0., 0., 0., 0.,
       4.45277430e-03, 4.63626208e-03, 9.12220217e-03, 0., 0., 0.,
       8.27762578e-03, 0., 0., 0., 0., 0., 0., 0., 0., 0., 0.,
       2.01851805e-03 ]
