%YAML:1.0
mat: !!opencv-matrix
   rows: 10
   cols: 10
   dt: f
   data: [ 9.39564221e-03, 6.80791028e-03, 0., 0., 0., 0., 0., 0., 0.,
       0., 6.20963844e-03, 8.06538947e-03, 0., 0., 0., 0., 0., 0., 0.,
       0., 0., 0., 8.05456750e-03, 8.57619289e-03, 8.08497611e-03,
       9.30073299e-03, 0., 0., 0., 9.85264033e-03, 0., 0.,
       8.43076780e-03, 8.81343707e-03, 8.28358158e-03, 9.32466611e-03,
       0., 0., 0., 9.42897610e-03, 0., 0., 8.28546565e-03,
       8.66813399e-03, 8.52682814e-03, 8.69371928e-03, 0., 0., 0.,
       9.40937269e-03, 0., 0., 8.49841349e-03, 9.18869860e-03,
       9.03840456e-03, 8.38280842e-03, 0., 0., 0., 9.29386541e-03, 0.,
       0., 0., 0., 0., 0., 8.68424401e-03, 6.71752356e-03,
       9.15819593e-03, 0., 0., 0., 0., 0., 0., 0., 6.44297339e-03,
       6.60219789e-03, 6.91198045e-03, 0., 0., 0., 0., 0., 0., 0.,
       8.05353001e-03, 7.07337912e-03, 6.92829490e-03, 0., 0., 0.,
       7.95818865e-03, 8.34085792e-03, 8.19955207e-03, 8.75346921e-03,
       0., 0., 0., 9.85614955e-03 ]
