%YAML:1.0
mat: !!opencv-matrix
   rows: 10
   cols: 10
   dt: f
   data: [ 9.30555537e-03, 0., 0., 2.15277774e-03, 0., 0., 0., 0., 0.,
       0., 0., 8.44665524e-03, 9.11305286e-03, 0., 8.96977354e-03, 0.,
       8.82191025e-03, 9.11465846e-03, 8.78120400e-03, 0., 0.,
       8.17159284e-03, 7.91491196e-03, 0., 8.62752553e-03, 0.,
       9.40542854e-03, 6.02942938e-03, 9.30397678e-03, 0.,
       2.15356727e-03, 0., 0., 4.65954095e-03, 0., 0., 0., 0., 0., 0.,
       0., 8.31799209e-03, 8.34102929e-03, 0., 8.93280469e-03, 0.,
       9.29184817e-03, 8.34257901e-03, 9.37116798e-03, 0., 0., 0., 0.,
       0., 0., 7.46764429e-03, 0., 0., 0., 0., 0., 8.66059680e-03,
       8.32362007e-03, 0., 8.91759805e-03, 0., 9.03181173e-03,
       8.32516886e-03, 9.32202116e-03, 0., 0., 8.17046501e-03,
       6.02755556e-03, 0., 8.62639770e-03, 0., 9.40542854e-03,
       7.66029768e-03, 9.30397678e-03, 0., 0., 9.11544636e-03,
       8.51832889e-03, 0., 9.21136513e-03, 0., 9.10981745e-03,
       8.51987768e-03, 9.32628289e-03, 0., 0., 0., 0., 0., 0., 0., 0.,
       0., 0., 4.99999989e-03 ]
