%YAML:1.0
mat: !!opencv-matrix
   rows: 10
   cols: 10
   dt: f
   data: [ 9.30555537e-03, 0., 2.15277774e-03, 2.15277774e-03, 0.,
       4.30555549e-03, 0., 2.15277774e-03, 2.15277774e-03, 0., 0., 0.,
       0., 0., 0., 0., 0., 0., 0., 0., 2.15341127e-03, 0.,
       1.63199590e-03, 2.15342408e-03, 0., 2.15244689e-03, 0., 0.,
       2.15343572e-03, 0., 2.15346646e-03, 0., 2.15311162e-03,
       1.13816315e-03, 0., 2.15310859e-03, 0., 2.15277774e-03, 0., 0.,
       0., 0., 0., 0., 0., 0., 0., 0., 0., 0., 4.30687796e-03, 0.,
       2.15311162e-03, 2.15342408e-03, 0., 4.53440938e-03, 0.,
       2.15277774e-03, 2.15343572e-03, 0., 0., 0., 0., 0., 0., 0., 0.,
       0., 0., 0., 2.15341127e-03, 0., 0., 2.15342408e-03, 0.,
       2.15244689e-03, 0., 2.60979228e-04, 2.15343572e-03, 0.,
       2.15346646e-03, 0., 2.15311162e-03, 0., 0., 2.15310859e-03, 0.,
       2.15277774e-03, 0., 0., 0., 0., 0., 0., 0., 0., 0., 0., 0., 0. ]
