%YAML:1.0
mat: !!opencv-matrix
   rows: 10
   cols: 10
   dt: f
   data: [ 3.40801384e-03, 9.14429594e-03, 3.49728717e-03,
       9.14443098e-03, 3.58082308e-03, 9.39944573e-03, 0., 0.,
       3.58454883e-03, 9.39944573e-03, 9.49265994e-03, 3.22908303e-03,
       9.31922160e-03, 3.22911423e-03, 9.16042924e-03, 3.22916661e-03,
       0., 0., 9.15898755e-03, 3.22916661e-03, 3.29082692e-03,
       8.67236778e-03, 9.63009987e-03, 8.67250375e-03, 3.46363615e-03,
       9.16348305e-03, 0., 0., 3.46736168e-03, 9.16348305e-03,
       9.49265994e-03, 3.22908303e-03, 9.31922160e-03, 5.77662047e-03,
       9.16042924e-03, 3.22916661e-03, 0., 0., 9.15898755e-03,
       3.22916661e-03, 3.24609783e-03, 8.49931687e-03, 3.33537115e-03,
       8.49945191e-03, 7.51184020e-03, 9.07695666e-03, 0., 0.,
       3.42263281e-03, 9.07695666e-03, 9.49265994e-03, 3.22908303e-03,
       9.31922160e-03, 3.22911423e-03, 9.16042924e-03, 6.41503371e-03,
       0., 0., 9.15898755e-03, 3.22916661e-03, 0., 0., 0., 0., 0., 0.,
       1.77573063e-03, 0., 0., 0., 0., 0., 0., 0., 0., 0., 0.,
       3.22915963e-03, 0., 0., 3.24325170e-03, 8.49008840e-03,
       3.33252526e-03, 8.49022344e-03, 3.41606094e-03, 9.07234196e-03,
       0., 0., 3.41978692e-03, 9.07234196e-03, 9.49265994e-03,
       3.22908303e-03, 9.31922160e-03, 3.22911423e-03, 9.16042924e-03,
       3.22916661e-03, 0., 0., 9.15898755e-03, 3.22916661e-03 ]
