%YAML:1.0
mat: !!opencv-matrix
   rows: 10
   cols: 10
   dt: f
   data: [ 9.30555537e-03, 0., 2.15277774e-03, 2.15277774e-03, 0.,
       4.30555549e-03, 0., 2.15277774e-03, 2.15277774e-03, 0., 0., 0.,
       0., 0., 0., 0., 0., 0., 0., 0., 2.15017772e-03, 0.,
       9.30560578e-04, 2.15210184e-03, 0., 2.15244689e-03, 0., 0.,
       2.15310394e-03, 0., 2.15537031e-03, 0., 2.15470535e-03,
       1.46453374e-03, 0., 2.15309812e-03, 0., 2.15310091e-03, 0., 0.,
       0., 0., 0., 0., 0., 0., 0., 0., 0., 0., 4.30554803e-03, 0.,
       2.15470535e-03, 2.15210184e-03, 0., 6.36367034e-03, 0.,
       2.15310091e-03, 2.15310394e-03, 0., 0., 0., 0., 0., 0., 0., 0.,
       0., 0., 0., 2.15017772e-03, 0., 0., 2.15210184e-03, 0.,
       2.15244689e-03, 0., 1.26070972e-03, 2.15310394e-03, 0.,
       2.15537031e-03, 0., 2.15470535e-03, 0., 0., 2.15309812e-03, 0.,
       2.15310091e-03, 9.67933622e-04, 0., 0., 0., 0., 0., 0., 0., 0.,
       0., 0., 0. ]
