%YAML:1.0
mat: !!opencv-matrix
   rows: 10
   cols: 10
   dt: f
   data: [ 9.47916601e-03, 0., 0., 0., 0., 0., 0., 0., 0., 0., 0.,
       8.70313495e-03, 9.36686806e-03, 0., 9.36221890e-03,
       9.14525334e-03, 0., 9.28707328e-03, 0., 0., 0., 9.56776459e-03,
       8.88023246e-03, 0., 3.23035312e-03, 9.56755131e-03, 0.,
       9.27631464e-03, 0., 0., 0., 0., 0., 8.84469878e-03, 0., 0., 0.,
       0., 8.54089204e-03, 0., 0., 9.56776459e-03, 3.23208515e-03, 0.,
       6.86762109e-03, 9.56755131e-03, 0., 9.27631464e-03, 0., 0., 0.,
       8.70207138e-03, 9.36633721e-03, 0., 9.36168712e-03,
       9.14419070e-03, 0., 9.28601064e-03, 0., 0., 0., 0., 0., 0., 0.,
       0., 8.87851231e-03, 0., 0., 0., 0., 8.17352161e-03,
       9.10206139e-03, 0., 9.09741130e-03, 9.41231102e-03, 0.,
       9.55413189e-03, 0., 0., 0., 0., 0., 8.72032624e-03, 0., 0., 0.,
       0., 7.67231267e-03, 0., 0., 0., 0., 0., 0., 0., 0., 0., 0.,
       4.76854946e-03 ]
