%YAML:1.0
mat: !!opencv-matrix
   rows: 10
   cols: 10
   dt: f
   data: [ 9.83192958e-03, 0., 0., 8.52158014e-03, 9.15969722e-03,
       7.26617966e-03, 0., 0., 0., 0., 0., 7.49961473e-03,
       3.71761993e-03, 0., 0., 0., 0., 0., 0., 0., 0., 3.72843957e-03,
       6.44469447e-03, 0., 0., 0., 0., 0., 0., 0., 8.02878290e-03, 0.,
       0., 9.47917812e-03, 3.82710737e-03, 6.63479231e-03, 0., 0., 0.,
       0., 8.34278390e-03, 0., 0., 3.54289077e-03, 7.92990346e-03,
       6.40154304e-03, 0., 0., 0., 0., 6.34278171e-03, 0., 0.,
       5.79171441e-03, 5.77163417e-03, 5.30010508e-03, 2.21338589e-03,
       2.39313068e-03, 1.85649097e-03, 6.18100225e-04, 0., 0., 0., 0.,
       0., 1.84155244e-03, 4.09753900e-03, 6.12168526e-03,
       5.59478067e-03, 1.86711713e-03, 0., 0., 0., 0., 0.,
       1.87964272e-03, 5.40483790e-03, 8.10584240e-03, 1.72620441e-03,
       5.76131511e-04, 0., 0., 0., 0., 0., 1.37471198e-03,
       4.83841170e-03, 1.61760219e-03, 6.24999963e-03, 0., 0., 0., 0.,
       0., 0., 4.59211267e-04, 1.61572569e-03, 5.40174660e-04, 0.,
       5.64814685e-03 ]
