%YAML:1.0
mat: !!opencv-matrix
   rows: 10
   cols: 10
   dt: f
   data: [ 3.62943066e-03, 0., 0., 0., 0., 0., 0., 0., 0., 0., 0.,
       3.79735930e-03, 3.69674619e-03, 0., 8.48836638e-03,
       8.88847467e-03, 8.93011689e-03, 0., 0., 0., 0., 3.70463659e-03,
       9.48042981e-03, 0., 6.97635254e-03, 7.98710622e-03,
       8.60128738e-03, 0., 0., 0., 0., 0., 0., 4.24403604e-03, 0., 0.,
       0., 0., 0., 2.39517470e-03, 0., 8.43025651e-03, 7.15665612e-03,
       0., 9.30017140e-03, 6.28653914e-03, 8.08769558e-03, 0., 0., 0.,
       0., 8.61472636e-03, 8.49933270e-03, 0., 7.33425235e-03,
       7.62920687e-03, 8.24338757e-03, 0., 0., 0., 0., 8.46406631e-03,
       9.04922467e-03, 0., 9.28523950e-03, 8.17909464e-03,
       8.15589540e-03, 0., 0., 0., 0., 0., 0., 0., 0., 0., 0.,
       5.08333230e-03, 0., 0., 0., 0., 0., 0., 0., 0., 0., 0.,
       5.64814685e-03, 0., 0., 0., 0., 2.39594094e-03, 0., 0., 0., 0.,
       0., 0. ]
