%YAML:1.0
mat: !!opencv-matrix
   rows: 10
   cols: 10
   dt: f
   data: [ 3.32620274e-03, 9.12451092e-03, 3.36854672e-03,
       9.12428834e-03, 3.45813809e-03, 9.12411697e-03, 3.50636803e-03,
       0., 3.48316040e-03, 9.12451092e-03, 9.06350743e-03,
       4.20204923e-03, 9.23239533e-03, 3.22975684e-03, 9.27380286e-03,
       3.23035731e-03, 9.17779654e-03, 0., 9.22565348e-03,
       3.22916661e-03, 3.27345682e-03, 9.33699403e-03, 8.55778437e-03,
       9.33677237e-03, 3.40539194e-03, 9.33660008e-03, 3.45362211e-03,
       0., 3.43041448e-03, 9.33699403e-03, 9.06350743e-03,
       3.22916661e-03, 9.23239533e-03, 8.80351104e-03, 9.27380286e-03,
       3.23035731e-03, 9.17779654e-03, 0., 9.22565348e-03,
       3.22916661e-03, 3.13430838e-03, 9.29962564e-03, 3.17665236e-03,
       9.30121914e-03, 7.74219306e-03, 9.30279680e-03, 3.31447367e-03,
       0., 3.29126604e-03, 9.29962564e-03, 9.06350743e-03,
       3.22916661e-03, 9.23239533e-03, 3.22975684e-03, 9.27380286e-03,
       5.48313232e-03, 9.17779654e-03, 0., 9.22565348e-03,
       3.22916661e-03, 3.06663522e-03, 9.16516315e-03, 3.10897920e-03,
       9.16675758e-03, 3.19857057e-03, 9.16833617e-03, 6.54200139e-03,
       0., 3.22359311e-03, 9.16516315e-03, 0., 0., 0., 0., 0., 0., 0.,
       5.22460509e-03, 0., 0., 3.09074949e-03, 9.21400730e-03,
       3.13309347e-03, 9.21560079e-03, 3.22268484e-03, 9.21718031e-03,
       3.27091478e-03, 0., 5.80857415e-03, 9.21400730e-03,
       9.06350743e-03, 3.22916661e-03, 9.23239533e-03, 3.22975684e-03,
       9.27380286e-03, 3.23035731e-03, 9.17779654e-03, 0.,
       9.22565348e-03, 3.62849189e-03 ]
