%YAML:1.0
mat: !!opencv-matrix
   rows: 10
   cols: 10
   dt: f
   data: [ 9.33649950e-03, 8.88718851e-03, 3.34180356e-03,
       8.58531054e-03, 3.05576739e-03, 8.58549029e-03, 3.52311367e-03,
       8.88719503e-03, 3.52763524e-03, 8.58549029e-03, 8.75071622e-03,
       8.96158069e-03, 9.55880526e-03, 3.22976103e-03, 8.62741191e-03,
       3.22916661e-03, 9.13149118e-03, 3.22917616e-03, 9.14045610e-03,
       3.22916661e-03, 3.20671545e-03, 9.04755481e-03, 8.70395545e-03,
       9.35211685e-03, 3.17584234e-03, 9.35054664e-03, 3.64284054e-03,
       9.04754922e-03, 3.64731485e-03, 9.35054664e-03, 8.75071622e-03,
       3.22917616e-03, 9.55880526e-03, 8.20837077e-03, 8.62741191e-03,
       3.22916661e-03, 9.13149118e-03, 3.22917616e-03, 9.14045610e-03,
       3.22916661e-03, 3.05760792e-03, 8.83027166e-03, 3.31291184e-03,
       8.47407710e-03, 7.50282547e-03, 8.47425684e-03, 3.49682197e-03,
       8.83027818e-03, 3.50134308e-03, 8.47425684e-03, 8.75071622e-03,
       3.22917616e-03, 9.55880526e-03, 3.22976103e-03, 8.62741191e-03,
       9.43660922e-03, 9.13149118e-03, 3.22917616e-03, 9.14045610e-03,
       3.22916661e-03, 3.03211692e-03, 8.35218187e-03, 3.28737381e-03,
       9.00443085e-03, 3.00124381e-03, 9.00285970e-03, 7.56344106e-03,
       8.35217722e-03, 3.47498246e-03, 9.00285970e-03, 8.75071622e-03,
       3.22917616e-03, 9.55880526e-03, 3.22976103e-03, 8.62741191e-03,
       3.22916661e-03, 9.13149118e-03, 8.56254064e-03, 9.14045610e-03,
       3.22916661e-03, 3.03685525e-03, 8.36984441e-03, 3.29211215e-03,
       9.01326165e-03, 3.00598238e-03, 9.01169050e-03, 3.47427814e-03,
       8.36983882e-03, 7.18866941e-03, 9.01169050e-03, 8.75071622e-03,
       3.22917616e-03, 9.55880526e-03, 3.22976103e-03, 8.62741191e-03,
       3.22916661e-03, 9.13149118e-03, 3.22917616e-03, 9.14045610e-03,
       8.20244383e-03 ]
